data/elkhart.asc
ncols         23
nrows         24
xllcorner     576835.65475255
yllcorner     4586359.9049974
cellsize      1590
NODATA_value  -9999
0 0 0 0 0 0 0 0 0 0 0 0 0 0 0.03370672 0.01563714 0.04343649 0.02119701 0.02223948 0.005907363 0.005559871 0.02293447 0 
0 0.08791546 0.07158334 0.1021626 0.08895794 0.03996157 0.05351376 0.03196926 0.05142881 0.01772209 0.07540575 0.04413148 0.05525122 0.1386493 0.1021626 0.09417032 0.04030906 0.09382282 0.06532849 0.04725891 0.09973019 0.1886881 0 
0 0.1105024 0.06915089 0.004864887 0.04864887 0.01077225 0.04135154 0.05490373 0.03405421 0.009729775 0.04482646 0.06637096 0.08131311 0.04065656 0.03231675 0.1261396 0.1473366 0.1442092 0.1136299 0.1483791 0.2178774 0.3627816 0 
0 0.005907363 0.03196926 0.03092678 0.02814685 0.04517395 0.01250971 0.04413148 0.005907363 0.02953682 0.07575324 0.07297331 0.01320469 0.01111974 0.04274151 0.08061813 0.2244798 0.2321246 0.03961408 0.1577613 0.07471076 0.03509669 0 
0 0.03648666 0.05351376 0.04795389 0.01355219 0.01633212 0.01667961 0.0128572 0.04447897 0.01772209 0.01772209 0.03370672 0.007297331 0.07436328 0.2074527 0.2623564 0.2505417 0.3926659 0.08339807 0.01598463 0.05003884 0.01146723 0 
0 0.08096562 0 0.0003474919 0 0.001389968 0 0 0.02501942 0 0.004517395 0.04274151 0.2071052 0.2272597 0.2908508 0.2011978 0.1344794 0.1153673 0.2171825 0 0.04725891 0.03961408 0 
0 0.03231675 0.05420874 0.002779935 0.001042476 0.004517395 0.007644823 0.03127427 0.0170271 0.03405421 0.07366829 0.130657 0.2008503 0.2894608 0.1171048 0.1237071 0.07505826 0.07019337 0.03544418 0.002432444 0.0128572 0.05768366 0 
0 0.02988431 0.004169903 0.002432444 0.005907363 0 0 0.02918932 0.02397694 0.03613916 0.1035526 0.0517763 0.07158334 0.08305057 0.05837865 0.08061813 0.1188422 0.02015453 0.01216222 0.007644823 0.005559871 0.02884183 0 
0 0.09208536 0.04413148 0.03961408 0.09868771 0.1824333 0.02293447 0.009729775 0.001389968 0.02397694 0.1383018 0.06532849 0.02189199 0.003822411 0.08409305 0.05142881 0.1098075 0.07227832 0.003822411 0.01042476 0.02467193 0.009382282 0 
0 0.02223948 0.0389191 0.04621643 0.04552145 0.06324353 0.07610074 0.03196926 0.01250971 0.0128572 0.1167573 0.05455624 0.05386125 0.06776093 0.01528965 0.01320469 0.171661 0.1945955 0.04621643 0.008339806 0.01216222 0.004864887 0 
0 0.03231675 0.03857161 0.03162177 0.004517395 0.03509669 0.05490373 0.009382282 0.009729775 0.0476064 0.06324353 0.1310045 0.06915089 0.06289604 0.1177998 0.04100405 0.06289604 0.03683415 0.04100405 0.05003884 0.04204652 0.07957566 0 
0 0.04413148 0.01772209 0.05212379 0.04864887 0.01528965 0.05073382 0.02675688 0.1410817 0.1581088 0.005559871 0.05003884 0.06845591 0.06637096 0.09417032 0.01042476 0.009382282 0.05525122 0.01146723 0.03162177 0.03926659 0.02050203 0 
0 0.03092678 0.02189199 0.009729775 0.02189199 0.03370672 0.08791546 0.04656392 0.0517763 0.1195372 0.0260619 0.01355219 0 0.03405421 0.02501942 0.01911206 0.001389968 0.02814685 0.06706595 0.05351376 0.03474919 0.04135154 0 
0 0.0948653 0.01772209 0.03857161 0.05733617 0.02710437 0.08826295 0.1247496 0.09451781 0.1598463 0.07922816 0.0257144 0.03405421 0 0.001042476 0.01250971 0.05768366 0.1414292 0.02189199 0.05525122 0.03509669 0.08096562 0 
0 0.09729774 0.07818568 0.002432444 0.0128572 0.03370672 0.06984588 0.1056376 0.09417032 0.09000041 0.07088836 0.08722048 0.004169903 0.008687299 0.01250971 0.0006949839 0.01667961 0.06185357 0.01911206 0.03648666 0.0260619 0.05351376 0 
0 0.06567597 0.04656392 0.043089 0.01111974 0.08027064 0.03926659 0.02050203 0.1098075 0.07054087 0.06185357 0.0344017 0.0601161 0 0 0 0.1011202 0.004517395 0.01389968 0.05351376 0.01633212 0.01911206 0 
0 0.02467193 0.006602347 0.01007727 0.05525122 0.02779935 0.08305057 0.07436328 0.09625527 0.005907363 0.09451781 0.03196926 0.02953682 0 0 0.00173746 0.05212379 0.05837865 0.02988431 0.01598463 0.005559871 0.03335923 0 
0 0.01494215 0.04378399 0.03926659 0.02397694 0.002084952 0.02119701 0.05386125 0.01494215 0.02258698 0.005907363 0.03787662 0.01389968 0.008687299 0 0.009729775 0.04482646 0.06289604 0.09000041 0.03683415 0.03718164 0.02119701 0 
0 0.0257144 0.04864887 0.06115858 0.01320469 0.01146723 0.0344017 0.04621643 0.07019337 0.05837865 0.02362945 0.03787662 0.03752913 0.02050203 0.0128572 0.02501942 0.02467193 0.02675688 0.0820081 0.004169903 0.02119701 0.0128572 0 
0 0.04864887 0.01494215 0.04656392 0.04169903 0.06984588 0.01146723 0.03579167 0.07540575 0.02849434 0.04691141 0.07158334 0.04169903 0.06115858 0.03301173 0.0820081 0.01146723 0.003474919 0.01146723 0.001389968 0.009729775 0 0 
0 0.03857161 0.03857161 0.03335923 0.06880341 0.02675688 0.0601161 0.1004252 0.04204652 0.06220106 0.03092678 0.04239402 0.00903479 0.08270308 0.1129349 0.1014676 0.130657 0.007992315 0 0.05872614 0.0260619 0.01355219 0 
0 0.07088836 0.0820081 0.06324353 0.07297331 0.10807 0.06637096 0.06567597 0.05455624 0.03613916 0.03996157 0.043089 0.01667961 0.2015453 0.1122399 0.0476064 0.05073382 0.0173746 0.01841707 0.04204652 0.01389968 0.004864887 0 
0 0.09660276 0.02258698 0.04378399 0.005907363 0.02223948 0.01250971 0.01146723 0.03474919 0.03231675 0.02640939 0.007992315 0.02849434 0.09104289 0.03335923 0.03752913 0.1800008 0.1588038 0.09173787 0.02988431 0.01424717 0.01389968 0 
0 0 0 0 0 0 0 0 0 0 0 0 0 0 0 0 0 0 0 0 0 0 0 
