data/kankakee_20220327.asc
ncols         113
nrows         103
xllcorner     -88.263656179399
yllcorner     40.430905473474
cellsize      0.016587512747447
NODATA_value  -9999
[rows 29 to 57 of 103, columns 0 to 64 of 113]
0.002057613 0.01097394 0 0.0003429355 0.002743484 0.00308642 0.0792181 0.006515775 0.03840878 0.2006173 0.0006858711 0.1111111 0.1570645 0.2026749 0.1608368 0.1368313 0.3954047 0.2009602 0.03943758 0.002400549 0.6090535 0.4338135 0.1745542 0.2524005 0.2410837 0.1738683 0 0.2369684 0.4657064 0.3652263 0.2863512 0 0 0.003772291 0 0.06515775 0.1186557 0.1176269 0.0627572 0.004458162 0.196845 0.1128258 0.1097394 0.1162551 0.138546 0.05967078 0.05555556 0.001371742 0 0 0.0006858711 0 0 0 0 0 0 0 0 0 0 0 0 0 0
0.0003429355 0 0 0.001371742 0.1430041 0.1673525 0.01851852 0.0006858711 0 0.001028807 0 0.175583 0.2794925 0.3223594 0.3261317 0.2417696 0.2201646 0.5089163 0.164952 0.02331962 0.01234568 0.004115226 0.06001372 0.4852538 0.2753772 0 0.007544582 0.5209191 0.8089849 0.8659122 0.468107 0 0 0 0.0006858711 0.0164609 0.1742112 0.1550069 0 0 0.04663923 0.05658436 0.02949245 0.1131687 0.04492455 0.0006858711 0.01165981 0.01714678 0.002400549 0 0.04835391 0.07304527 0.0308642 0 0 0 0 0 0 0 0 0 0 0.00308642 0.006858711
0.002743484 0 0 0.07304527 0.07407407 0.2698902 0.001371742 0.01234568 0 0 0.008573388 0.1467764 0.1855281 0.2890947 0.1694102 0.1412894 0.2853224 0.06790123 0.00617284 0.03532236 0.05727023 0.09430727 0.03600823 0.04869685 0.02674897 0 0.02263374 0.3923182 0.4379287 0.1529492 0.004115226 0 0.2157065 0.1213992 0.06241427 0.03052126 0 0 0.03360768 0.006515775 0 0.04492455 0.2949246 0.04972565 0 0.01371742 0.005144033 0.1018519 0.09807956 0.234225 0.0723594 0.1433471 0.2760631 0.05624143 0.003429355 0 0.001714678 0 0.03120713 0.2256516 0.06104252 0.1018519 0.3048697 0.5037723 0.4375857
0 0.009602195 0.111797 0.003429355 0.1200274 0.1958162 0 0.001714678 0.0003429355 0 0.04286694 0.2366255 0.05829904 0.05727023 0.186214 0.3247599 0.308299 0.001028807 0.07956104 0.08847737 0.1553498 0.1937586 0.02812071 0.01783265 0.01200274 0 0 0.010631 0.06378601 0.2078189 0.1107682 0.1947874 0.2301097 0.00617284 0.04526749 0.01440329 0 0 0.0154321 0.007544582 0.003429355 0.138546 0.4166667 0.09567901 0.1337449 0.004458162 0.01851852 0.001371742 0.1282579 0.2517147 0.2091907 0.08401921 0.1189986 0.04355281 0.003772291 0.0006858711 0.08161866 0.2136488 0.420096 0.3758574 0.1567215 0.4814815 0.4650206 0.3429355 0.1724966
0 0.002057613 0.1203704 0 0.0829904 0.07201646 0.005829904 0 0.0003429355 0.0003429355 0.05144033 0.3312757 0.04389575 0.00617284 0.03978052 0.006858711 0.008573388 0.03223594 0.5092593 0.6021948 0.2469136 0.02743484 0.0164609 0.10631 0.111797 0 0 0.0003429355 0 0.1021948 0.5006859 0.100823 0.01783265 0.010631 0.003772291 0.001028807 0 0.0003429355 0 0 0.1340878 0.05075446 0.02983539 0.03017833 0.02263374 0 0.03292181 0.1039095 0.004458162 0.06310014 0.08813443 0.1193416 0.1759259 0.006515775 0 0 0.02160494 0.07304527 0.2362826 0.2472565 0.2952675 0.2620027 0.3281893 0.2373114 0.1724966
0 0 0.01954732 0.01234568 0.1340878 0.03875171 0.003772291 0.02366255 0.02674897 0.03909465 0.106653 0.3364198 0.1467764 0.1258573 0.1443759 0.06995885 0.01165981 0.07613169 0.2417696 0.149177 0.03223594 0.01406036 0.01817558 0.08676269 0.1495199 0 0.01337449 0.001028807 0 0.06241427 0.4921125 0.1690672 0.001371742 0 0 0 0.05315501 0.02846365 0 0.3816873 0.7575446 0.05178326 0.001714678 0.01234568 0 0 0 0.02846365 0.0473251 0.1124829 0.2465706 0.08264747 0.3326475 0.3816873 0.1519204 0.1395748 0.4132373 0.1827846 0.1738683 0.1021948 0.1941015 0.4221536 0.1344307 0.06069959 0.1512346
0.0006858711 0.0003429355 0 0 0.04218107 0.05384088 0.1615226 0.07441701 0.02983539 0.005486968 0.04458162 0.1128258 0.1498628 0.3758574 0.1347737 0.218107 0.1670096 0.01303155 0.03532236 0.0723594 0.1615226 0.09773663 0.006858711 0 0.005486968 0.003429355 0.009259259 0 0 0.1652949 0.4917696 0.2740055 0 0 0 0 0.01028807 0.01268861 0.2983539 0.4931413 0.7205076 0.5847051 0.494856 0.07167353 0 0 0 0 0 0.03017833 0.04835391 0.08127572 0.212963 0.2201646 0.05624143 0 0.031893 0.1272291 0.1354595 0.1697531 0.1323731 0.1666667 0.2122771 0.08744856 0.09224965
0 0 0 0.01268861 0.2469136 0.201989 0.005829904 0 0 0 0.001714678 0.008230452 0.02194787 0.1087106 0.5480109 0.4581619 0.3254458 0.00994513 0.0356653 0.1673525 0.1742112 0.05041152 0 0.03635117 0.01371742 0.002400549 0.005486968 0.0003429355 0.0202332 0.1529492 0.2431413 0.5298354 0.5469822 0.04389575 0.003429355 0.04766804 0.04012346 0.05315501 0.5078875 0.2534294 0.1189986 0.03120713 0.01234568 0.010631 0.0003429355 0.003772291 0.008230452 0 0.08847737 0.1100823 0 0.09259259 0.2736625 0.398834 0.1694102 0.0792181 0.08264747 0.4032922 0.2451989 0.08161866 0.08333334 0.1447188 0.03635117 0.2331962 0.2026749
0 0.001028807 0 0.04698217 0.1759259 0.2273663 0.02880658 0.003772291 0.01165981 0.02331962 0 0.01337449 0.0723594 0.06550068 0.00617284 0.05624143 0.1875857 0.1237997 0.06790123 0.1474623 0.3696845 0.4403292 0.4447874 0.6148834 0.4187243 0.1213992 0.08436214 0.001371742 0.003772291 0.001371742 0.009259259 0.03429355 0.01680384 0.05452675 0.02880658 0.00994513 0 0.0792181 0.1563786 0.0781893 0.06824417 0.002400549 0.02743484 0.04320988 0.002400549 0.001714678 0 0.004115226 0.2993827 0.3700274 0.2390261 0.3573388 0.5312071 0.5356653 0.1375172 0.0521262 0.1316872 0.2424554 0.627572 0.3175583 0.0617284 0.3782579 0.3079561 0.2942387 0.08539095
0 0.0006858711 0.0308642 0.021262 0.2160494 0.07407407 0.05658436 0.1560357 0.06035665 0.07167353 0.1025377 0.06412894 0.08984911 0.01508916 0.02914952 0 0 0 0.01131687 0.04355281 0.05452675 0.009602195 0.1515775 0.100823 0 0.02469136 0.1231139 0.06481481 0.03943758 0.00994513 0.02537723 0.01131687 0.1378601 0.09602195 0.01406036 0.009602195 0.08401921 0.09807956 0.03943758 0.06138546 0.1148834 0.01886145 0.004458162 0.1903292 0.02949245 0.006858711 0.03978052 0.07750343 0.239369 0.3665981 0.4742798 0.05932784 0.08367627 0.1231139 0.07064472 0.09087791 0.0521262 0.04801098 0.100823 0.2616598 0.3182442 0.4053498 0.170439 0.05829904 0.03155007
0 0 0.0164609 0.1196845 0.201989 0.3196159 0.3703704 0.1306584 0.1340878 0.1056241 0.001371742 0 0.08127572 0.05521262 0.01817558 0 0.00617284 0.003772291 0.01508916 0 0 0.003772291 0.001371742 0.01406036 0 0.02469136 0.1251715 0.1508916 0.1272291 0.003429355 0.004458162 0.01817558 0.1015089 0.05932784 0.002743484 0.1505487 0.7798354 0.09807956 0.1135117 0.1361454 0.1207133 0.06927298 0.06687243 0.3545953 0.4554184 0.04526749 0.08950617 0.09293552 0.0003429355 0.03635117 0.0733882 0.0792181 0.01337449 0.06207133 0.1368313 0.08058985 0.05144033 0.2270233 0.1344307 0.1186557 0.1289438 0.09224965 0.4670782 0.08916324 0.02229081
0.0003429355 0.111454 0.2304527 0.2407407 0.1464335 0.175583 0.3425926 0.1851852 0.1124829 0 0 0.0003429355 0.0006858711 0 0.005144033 0.003429355 0 0 0 0.002400549 0.005144033 0.01508916 0.00308642 0.003772291 0.0006858711 0.03052126 0.03292181 0.03155007 0.02469136 0.005144033 0.002400549 0.03703704 0.0888203 0.1395748 0.2770919 0.5833333 0.5730453 0.08093278 0.08813443 0.2613169 0.1920439 0.07064472 0.2966392 0.653978 0.3021262 0.2006173 0.07407407 0.0627572 0.09327846 0.3827161 0.08641975 0.05144033 0.1879287 0.06138546 0.03840878 0.003772291 0.008230452 0.01200274 0.03772291 0.03532236 0.09224965 0.1965021 0.5366941 0.3213306 0.2352538
0.05349794 0.1817558 0.1471193 0.07510288 0.04561042 0.1532922 0.4077503 0.1769547 0.08367627 0.004115226 0.0003429355 0 0 0.01611797 0 0.06344307 0.03806584 0.003429355 0 0.001028807 0.0003429355 0 0 0.01577503 0.05418381 0.004801097 0.01371742 0.02297668 0.07716049 0.005829904 0.004115226 0.001028807 0.01097394 0.5346365 0.5703018 0.5658436 0.4228395 0.1495199 0.2208505 0.4190672 0.05932784 0.09533608 0.6608368 0.4434156 0.1639232 0.02880658 0.1447188 0.122428 0.1608368 0.03497943 0.04458162 0.1625514 0.2067901 0.1334019 0.008573388 0.003429355 0.003772291 0.08916324 0.03772291 0.1848422 0.159808 0.2349108 0.2455418 0.3552812 0.6251715
0.02812071 0.3477366 0.05178326 0.1666667 0.287037 0.4684499 0.3683127 0.07544582 0.2146776 0.04766804 0.1563786 0.07887517 0.003772291 0.05315501 0.002400549 0 0 0 0.002400549 0.001714678 0.009259259 0 0 0.01028807 0.003772291 0.01337449 0.08573388 0.09705076 0.05281207 0.02709191 0.02091907 0.05967078 0.06001372 0.1728395 0.2472565 0.06995885 0.04080933 0.07887517 0.0356653 0.2304527 0.02880658 0.484225 0.4410151 0.1467764 0.0781893 0.02743484 0.08607682 0.02366255 0.0569273 0 0.00308642 0.3052126 0.2743484 0.03360768 0.001714678 0.003772291 0.04389575 0.05041152 0.05006859 0.1087106 0.1971879 0.02709191 0.1728395 0.3573388 0.2877229
0.007201646 0.2314815 0.2047325 0.1800411 0.0685871 0.3549383 0.6992455 0.5113169 0.6454046 0.2829218 0.1851852 0.01577503 0.004458162 0 0 0.003772291 0 0 0.004115226 0.03292181 0.002743484 0 0 0.009259259 0 0.01406036 0.02880658 0.07956104 0.07578875 0.01714678 0.01440329 0.01371742 0.001028807 0.1865569 0.01165981 0.09773663 0.09224965 0.002743484 0.1601509 0.4900549 0.5504115 0.3755144 0.08813443 0.1587791 0.1244856 0.005486968 0.02297668 0.265775 0.3021262 0.04355281 0.1052812 0.3429355 0.1879287 0.03463649 0 0.01954732 0.01165981 0.02263374 0.2218793 0.05246913 0.1320302 0.0627572 0.2146776 0.2067901 0.1587791
0.001714678 0.1827846 0.4492455 0.2078189 0.106653 0.05761317 0.2359396 0.07064472 0.01165981 0.001028807 0 0.004458162 0 0.0006858711 0.07030179 0.021262 0.0202332 0.06104252 0.03292181 0 0 0 0.004801097 0 0.001714678 0.003429355 0.01886145 0.01954732 0.008916324 0.02469136 0.3275034 0.2866941 0.01851852 0.02194787 0.04595336 0.02091907 0.01748971 0.0781893 0.2043896 0.7355967 0.4972565 0.08127572 0.1378601 0.2143347 0.1021948 0 0.1615226 0.3799726 0.3182442 0.09773663 0.5072017 0.4571331 0.266118 0.1272291 0.02434842 0.25 0.05486969 0.02469136 0.1680384 0.01508916 0.1316872 0.2112483 0.02434842 0.0792181 0.07373114
0.031893 0.4883402 0.5829904 0.3576818 0.1728395 0.1567215 0.03600823 0.5576132 0.1450617 0.03532236 0.05898491 0.08607682 0.08264747 0.1982167 0.2037037 0.01371742 0 0 0 0 0.004801097 0.009259259 0.00308642 0.006858711 0 0.001028807 0.0164609 0.01131687 0.0003429355 0.01406036 0.2801783 0.06687243 0.1073388 0.1083676 0.1210562 0.02674897 0.05315501 0.04869685 0.0877915 0.02537723 0.0003429355 0.01131687 0.07613169 0.2163923 0.001371742 0.05384088 0.4598765 0.3703704 0.1244856 0.2054184 0.1769547 0.3556241 0.5123457 0.2726337 0.02057613 0.3607682 0.03463649 0.01165981 0.1985597 0.132716 0.3840878 0.05829904 0.4218107 0.1827846 0.02160494
0.06721536 0.4166667 0.6217421 0.276749 0.2085048 0.1522634 0.1443759 0.07578875 0.0006858711 0.2596022 0.1752401 0.1601509 0.07956104 0.06481481 0 0.00308642 0 0 0.04972565 0.1522634 0.04218107 0.002057613 0.002057613 0 0.001028807 0.01508916 0 0.002400549 0.001714678 0 0.00994513 0.05829904 0.08093278 0.1999314 0.1615226 0.08401921 0.03463649 0.0202332 0.003429355 0 0.02160494 0.004801097 0.003429355 0.09807956 0.00994513 0.03395062 0.05932784 0.5185185 0.04286694 0.05178326 0.05898491 0.1851852 0.1776406 0.2647462 0.003429355 0.2640603 0.09876543 0.01200274 0.04903978 0.1440329 0.1203704 0.4382716 0.4639918 0.005829904 0.006515775
0.006858711 0.1227709 0.06104252 0.2102195 0.1882716 0.3662551 0.1399177 0.1546639 0.08127572 0.1433471 0.02434842 0.05281207 0.08539095 0.00308642 0.002400549 0 0.01268861 0.002400549 0.351166 0.06893004 0 0 0.001371742 0 0 0.08161866 0.00994513 0 0.0003429355 0 0 0 0.005486968 0.01474623 0.005829904 0 0.06035665 0.01097394 0.00617284 0.01440329 0.01851852 0 0.03703704 0.1471193 0.010631 0.09567901 0.3477366 0.2201646 0.010631 0.3278464 0.2239369 0.4461591 0.414952 0.1303155 0.006858711 0.02229081 0.01714678 0.04629629 0.02914952 0.001371742 0.02812071 0.01165981 0.0308642 0 0.05555556
0.03360768 0.2664609 0.01028807 0.02743484 0.154321 0.324417 0.3899177 0.3480796 0.04320988 0.09122085 0.002057613 0.05041152 0.0366941 0 0 0 0 0.04046639 0.02983539 0 0 0 0.002057613 0 0.002743484 0.0003429355 0.002057613 0.001371742 0.007201646 0 0 0.008230452 0.004801097 0 0 0 0.008230452 0.005486968 0.02091907 0.01234568 0.005486968 0.001028807 0.002400549 0.01131687 0.004115226 0.116941 0.5284637 0.1430041 0.02229081 0.04561042 0.1392318 0.1344307 0.2174211 0.3079561 0.09910837 0.009602195 0.01303155 0.1368313 0.4986283 0.007544582 0.006515775 0.006858711 0.01577503 0.08813443 0.05452675
0.02297668 0.4399863 0.08950617 0.08710562 0.1368313 0.3947188 0.2884088 0.06618655 0.04218107 0.05109739 0.01131687 0.01680384 0.003772291 0 0 0.001371742 0.05452675 0.05898491 0 0 0 0.004115226 0.00308642 0 0 0.004115226 0 0.007201646 0.04458162 0.005829904 0 0.002057613 0 0 0 0 0 0 0.001371742 0.02229081 0.01097394 0.01268861 0 0 0.07510288 0.08333334 0.4547325 0.04389575 0.01954732 0 0.0675583 0.5548697 0.4526749 0.09876543 0.04286694 0.04252401 0.03017833 0.001028807 0.08470508 0.008573388 0.01337449 0.02537723 0.04526749 0.1522634 0.01268861
0.009602195 0.7465706 0.3995199 0.4183813 0.3762003 0.569273 0.1622085 0.06687243 0.3089849 0.02640603 0 0.002400549 0 0 0 0.004115226 0.00308642 0 0 0 0.01371742 0.1111111 0 0 0 0 0 0 0.001028807 0.01234568 0 0 0 0.002400549 0 0 0 0.003429355 0 0.0006858711 0.03772291 0.002400549 0 0.002400549 0.04595336 0.3076132 0.5188615 0.002400549 0.08470508 0.01234568 0.03429355 0.1615226 0.2589163 0.01714678 0.04458162 0.05349794 0.01783265 0.07441701 0 0 0.04115226 0.07441701 0.05555556 0.2109053 0.003772291
0 0.1100823 0.1574074 0.2565158 0.5730453 0.5298354 0.1289438 0.07030179 0.2506859 0.1433471 0.01680384 0 0 0 0.01200274 0.01303155 0.0006858711 0 0.0260631 0 0 0 0 0.007544582 0.007887517 0 0 0 0 0 0 0 0 0 0 0 0.01234568 0.002057613 0.0003429355 0 0.122428 0 0.0003429355 0.005144033 0.2451989 0.3576818 0.1412894 0 0.02469136 0.008916324 0.006515775 0.09876543 0.01200274 0.0888203 0.1193416 0.03257887 0.007887517 0.04355281 0.02503429 0 0 0.1742112 0.08710562 0.01406036 0.04115226
0 0.04869685 0.0366941 0.3717421 0.7314815 0.457476 0.3419067 0.3679698 0.3737997 0.3034979 0.1532922 0.01028807 0 0.05178326 0.1087106 0.02503429 0.01303155 0 0 0 0 0 0.0003429355 0.00308642 0 0.0006858711 0 0.002743484 0 0.00308642 0 0 0 0 0 0 0.03429355 0.002057613 0 0.0006858711 0 0 0 0.001714678 0.02469136 0.07304527 0.003772291 0 0.02057613 0.02194787 0 0.08984911 0 0.005829904 0.003772291 0 0.007201646 0.002057613 0.004115226 0.04766804 0.02297668 0.0260631 0.1087106 0.03875171 0.3302469
0 0.1258573 0.08401921 0.3847737 0.4783951 0.2788066 0.2671468 0.2784637 0.521262 0.255144 0.2424554 0.1690672 0.1920439 0.1159122 0.001714678 0 0 0 0.007201646 0 0 0 0.006858711 0 0 0 0 0 0 0.002743484 0 0 0 0 0 0 0.002743484 0.0003429355 0.0003429355 0.02846365 0 0 0.02880658 0 0.007887517 0.4341564 0.01817558 0.1286008 0.1460905 0.01714678 0.01680384 0.07784636 0.006858711 0.04629629 0.1069959 0.05109739 0.009259259 0.002057613 0.01851852 0.02160494 0.01028807 0.04320988 0.002057613 0.3014403 0.02880658
0 0.1244856 0.335391 0.255144 0.2503429 0.01611797 0.2352538 0.3638546 0.1622085 0.3034979 0.3357339 0.5483539 0.2397119 0.07956104 0.005144033 0 0.004801097 0.0003429355 0.04801098 0.09670782 0.03395062 0.01406036 0 0.001714678 0 0 0 0.0164609 0 0 0 0 0 0 0 0 0 0.005829904 0.01406036 0.10631 0 0.002057613 0.07510288 0.1100823 0.1323731 0.185871 0.07510288 0.09499314 0.002057613 0.04252401 0 0.05967078 0.0006858711 0.007201646 0.004458162 0.004458162 0.005486968 0 0.001714678 0.01200274 0.1827846 0.3141289 0.2421125 0.1752401 0.01406036
0 0.005829904 0.4595336 0.260631 0.1817558 0.03909465 0.06035665 0.2503429 0.002743484 0.031893 0.5048011 0.1340878 0.1724966 0.2438272 0.1416324 0.0154321 0.2794925 0.4070645 0.1289438 0 0 0 0 0 0 0.002743484 0 0 0 0.001714678 0 0 0 0.02469136 0 0 0.06618655 0.02983539 0.08436214 0.2740055 0.07887517 0.2592593 0.2674897 0.1107682 0.003429355 0.007887517 0 0 0.08504801 0.0202332 0 0.01097394 0.06584362 0.002743484 0.1354595 0.02091907 0.002400549 0.01200274 0.3566529 0.5600137 0.1937586 0.00994513 0.08710562 0.2650892 0.1056241
0 0.08573388 0.4828532 0.4492455 0.09533608 0.2973251 0.2829218 0.2030178 0.01954732 0.1272291 0.2973251 0.1560357 0.06069959 0.01577503 0.1762689 0.2297668 0.5655007 0.4159808 0.01371742 0.0006858711 0.001714678 0 0.001371742 0 0 0 0 0 0 0 0 0 0 0 0.002743484 0 0.01783265 0.04320988 0.335048 0.133059 0.07064472 0.04698217 0 0 0 0.001714678 0.03292181 0.05932784 0.0006858711 0.003429355 0.06618655 0.04389575 0.01748971 0.116941 0.01440329 0.006515775 0.001028807 0.2890947 0.6618656 0.0154321 0.02743484 0.1604938 0.2311385 0.0733882 0.05178326
0 0.1186557 0.5181756 0.3295611 0.138203 0.3127572 0.122428 0.0154321 0.1292867 0.1687243 0.1124829 0.04663923 0.1189986 0.007544582 0.05349794 0.01886145 0 0.2709191 0.4224966 0.008230452 0.001371742 0 0 0 0 0 0 0 0 0.00308642 0 0 0 0.0006858711 0.004458162 0 0.03875171 0.01268861 0.002057613 0.01577503 0 0.07681756 0.01131687 0.004458162 0.004801097 0.003429355 0.07716049 0.05281207 0.06069959 0.03635117 0.04869685 0.01028807 0 0.02846365 0.1865569 0.282236 0.5061728 0.2832648 0.05555556 0.1430041 0.1992455 0.106653 0.1255144 0.07030179 0.0164609
