data/kankakee_20220503.asc
ncols         103
nrows         94
xllcorner     -88.263715794243
yllcorner     40.430743836833
cellsize      0.018281963539605
NODATA_value  -9999
[rows 29 to 57 of 94, columns 0 to 64 of 103]
0.001028807 0.007887517 0.01611797 0.04526749 0.2061042 0.1502058 0.0006858711 0.01097394 0 0.006858711 0.1251715 0.06584362 0.1522634 0.2424554 0.4108368 0.1145405 0.003429355 0.002743484 0.1018519 0.1666667 0.04835391 0.0308642 0.001371742 0 0.02366255 0.106653 0.138546 0 0.01748971 0.2983539 0.1021948 0.08950617 0 0 0.01371742 0.02229081 0.00308642 0.06001372 0.5514404 0.1217421 0.01920439 0.003429355 0.02846365 0.1004801 0.3429355 0.1334019 0.1989026 0.1625514 0.1155693 0.005829904 0 0.02331962 0.1865569 0.4111797 0.2997257 0.2798354 0.4862826 0.6683813 0.4104938 0.1268861 0.3700274 0.5048011 0.2085048 0.1217421 0.1443759
0 0.02572016 0.1131687 0 0.1299726 0.04526749 0.0003429355 0 0.0003429355 0.04595336 0.3038409 0.021262 0.001028807 0.0685871 0.1059671 0.01577503 0.1577503 0.3251029 0.2369684 0.1090535 0.004458162 0.0627572 0.0473251 0 0 0.0003429355 0.1580933 0.3124143 0.2808642 0.07681756 0.002400549 0.008230452 0.004458162 0 0 0 0 0.07441701 0.08333334 0.05555556 0.07990398 0.002743484 0.02434842 0.0006858711 0.06550068 0.05144033 0.14369 0.1454047 0.02812071 0 0.010631 0.0984225 0.1358025 0.1364883 0.1522634 0.3285322 0.3467078 0.1320302 0.2119341 0.1731824 0.1670096 0.3789438 0.2174211 0.1975309 0.2530864
0 0.001028807 0.06790123 0.02331962 0.1536351 0.007201646 0.002400549 0.02983539 0.004115226 0.1248285 0.3624828 0.1032236 0.1759259 0.03737997 0.02263374 0.009602195 0.3971193 0.4423868 0.127915 0.003429355 0.02983539 0.1611797 0.1028807 0 0.002743484 0 0.02709191 0.4118656 0.1135117 0.00994513 0.007544582 0 0 0.04526749 0.004458162 0.02743484 0.494856 0.1697531 0.01234568 0.01200274 0.01028807 0 0 0.1141975 0.0781893 0.1035665 0.10631 0.2314815 0.1875857 0.1141975 0.06412894 0.1923868 0.1200274 0.2091907 0.1522634 0.2695473 0.1875857 0.1611797 0.1508916 0.07475995 0.05452675 0.3875172 0.233882 0.2451989 0.1965021
0.0003429355 0.001028807 0 0 0.04012346 0.07133059 0.1018519 0.0414952 0.04629629 0.05246913 0.1563786 0.1035665 0.3069273 0.1313443 0.2561728 0.02743484 0.04595336 0.04526749 0.1131687 0.09122085 0 0.001028807 0.01851852 0.002743484 0.0164609 0 0.01954732 0.53738 0.3233882 0 0 0 0 0.01440329 0.02743484 0.4437586 0.7986968 0.4903978 0.4197531 0.06515775 0 0 0 0.001028807 0.002743484 0.1004801 0.191701 0.2472565 0.3285322 0.08607682 0.08058985 0.2273663 0.1526063 0.2229081 0.0685871 0.3439643 0.1927298 0.09293552 0.1128258 0.004458162 0 0.06138546 0.383059 0.3631687 0.2722908
0 0 0 0.08230453 0.1282579 0.1563786 0.00308642 0 0 0.005829904 0.02160494 0.0877915 0.185871 0.5353224 0.3497942 0.009602195 0.009259259 0.0685871 0.2304527 0.04561042 0.005829904 0.00617284 0 0.003429355 0.002057613 0.001714678 0.04526749 0.3275034 0.5168039 0.4777092 0.02263374 0.003772291 0.04423868 0.03532236 0.228738 0.46262 0.2318244 0.138203 0.03223594 0.004801097 0.001714678 0.007887517 0 0.04835391 0.04423868 0.02572016 0.06412894 0.2191358 0.31893 0.10631 0.02640603 0.1529492 0.3360768 0.1824417 0.05761317 0.09396434 0.1080247 0.1498628 0.1183128 0 0.01303155 0.1879287 0.4516461 0.4173525 0.4111797
0 0.0003429355 0 0.1207133 0.2222222 0.1368313 0 0.00617284 0.02537723 0 0.01714678 0.08230453 0.06447188 0.01920439 0.2297668 0.1666667 0.04938272 0.159808 0.340535 0.3919753 0.4406722 0.5668724 0.2743484 0.111797 0.01371742 0 0.004115226 0.00617284 0.02229081 0.01371742 0.04972565 0.01440329 0.01508916 0.003772291 0.1824417 0.07750343 0.08539095 0.003429355 0.01954732 0.04663923 0.001028807 0.001371742 0 0.03600823 0.4701646 0.2517147 0.2664609 0.4907407 0.5397805 0.1724966 0.05041152 0.1783265 0.3521948 0.6361454 0.07750343 0.2386831 0.3343621 0.3120713 0.1289438 0.003772291 0.01886145 0.1670096 0.3696845 0.3408779 0.3792867
0 0.0006858711 0.04252401 0.01371742 0.2575446 0.02091907 0.1395748 0.0829904 0.07270233 0.09567901 0.06001372 0.08504801 0.02503429 0.01337449 0 0 0.01028807 0.03635117 0.05178326 0.0164609 0.1745542 0.04595336 0 0.02709191 0.1042524 0.06584362 0.02331962 0.02777778 0.01234568 0.1337449 0.09705076 0.004458162 0.009259259 0.1694102 0.01577503 0.0569273 0.1073388 0.02297668 0.006858711 0.1814129 0.03017833 0.01508916 0.06721536 0.09019204 0.3028121 0.430727 0.1673525 0.07613169 0.116941 0.08676269 0.08161866 0.04355281 0.09773663 0.1255144 0.3216735 0.3576818 0.2633745 0.07681756 0.03429355 0.03703704 0.02331962 0.3436214 0.2386831 0.154321 0.276406
0 0.008916324 0.1227709 0.09876543 0.3103566 0.2791495 0.3144719 0.1676955 0.07304527 0 0.0003429355 0.07510288 0.03703704 0.001371742 0.002743484 0.00617284 0.001371742 0 0 0.001028807 0.005829904 0.01371742 0 0.06584362 0.08333334 0.2098765 0.01028807 0.004115226 0.02057613 0.08641975 0.04595336 0.002057613 0.5051441 0.5274348 0.05967078 0.09876543 0.2366255 0.0984225 0.1035665 0.43107 0.3755144 0.1056241 0.06824417 0.05246913 0.03840878 0.08470508 0.07887517 0.01165981 0.04972565 0.1001372 0.06138546 0.06344307 0.2037037 0.08230453 0.1574074 0.07064472 0.3652263 0.1286008 0.07133059 0.196845 0.21262 0.4197531 0.3052126 0.1659808 0.244513
0.02091907 0.191701 0.2932099 0.1124829 0.1032236 0.4111797 0.2157065 0.1971879 0 0 0.0003429355 0.001028807 0.004801097 0.005144033 0.00617284 0 0 0.001371742 0.003429355 0.01234568 0 0.003429355 0.02503429 0.01097394 0.02880658 0.04046639 0.009259259 0.005144033 0.02777778 0.0675583 0.1951303 0.5788752 0.675583 0.2736625 0.1093964 0.2198217 0.223594 0.02572016 0.2589163 0.6841564 0.2170782 0.1628944 0.07270233 0.1015089 0.2438272 0.1495199 0.1200274 0.1752401 0.1165981 0.02949245 0.002743484 0.01474623 0.02640603 0.02640603 0.07578875 0.2400549 0.441701 0.4561042 0.4101509 0.3895748 0.2626886 0.3093278 0.345679 0.1920439 0.2280521
0.0579561 0.08607682 0.0473251 0.08024691 0.1028807 0.3655693 0.1141975 0.009602195 0.007201646 0.003429355 0.001371742 0.01406036 0.008230452 0.01577503 0.06481481 0 0.002743484 0.001028807 0.0006858711 0 0 0.01817558 0.0356653 0.01028807 0.03737997 0.07990398 0.01303155 0.001028807 0.01474623 0.04012346 0.4921125 0.3220164 0.2911523 0.2602881 0.0936214 0.3288752 0.1580933 0.1522634 0.7750343 0.2722908 0.0723594 0.05315501 0.1210562 0.1107682 0.05384088 0.01028807 0.06104252 0.2524005 0.07373114 0.002057613 0.0006858711 0.004801097 0.08264747 0.06207133 0.2421125 0.1265432 0.2026749 0.2465706 0.4324417 0.3933471 0.2956104 0.2578875 0.2637174 0.4132373 0.1687243
0.03909465 0.3648834 0.09087791 0.2431413 0.3803155 0.531893 0.1817558 0.5555556 0.2890947 0.2777778 0.07956104 0.008230452 0.02743484 0 0.002743484 0 0.003429355 0.005144033 0.006858711 0 0 0.00617284 0.008573388 0.01165981 0.1042524 0.1141975 0.04252401 0.01817558 0.03635117 0.04869685 0.1735254 0.1786694 0.03326475 0.05727023 0.031893 0.1447188 0.1519204 0.5 0.2163923 0.1508916 0.07030179 0.001714678 0.07784636 0.1292867 0.01920439 0 0.2932099 0.3131001 0.01337449 0 0.01920439 0.031893 0.04869685 0.05864197 0.1776406 0.021262 0.2143347 0.2849794 0.2414266 0.2722908 0.2146776 0.3391632 0.3034979 0.1334019 0.05315501
0.0003429355 0.2177641 0.2853224 0.07167353 0.08264747 0.4921125 0.3254458 0.3333333 0.05109739 0.02846365 0 0 0 0.03429355 0.007887517 0.04698217 0.03326475 0.02400549 0.009259259 0 0 0.0006858711 0 0.03155007 0.01406036 0.05727023 0.01989026 0.1128258 0.1135117 0.002057613 0.05315501 0.02366255 0.1028807 0.02640603 0.009259259 0.5658436 0.8038409 0.1930727 0.1316872 0.1615226 0.0994513 0.0006858711 0.164952 0.3271605 0.2314815 0.1447188 0.4660494 0.2527435 0.08230453 0.009259259 0.1388889 0 0.1193416 0.1855281 0.04423868 0.1680384 0.02160494 0.05555556 0.1563786 0.6097394 0.260631 0.1978738 0.1371742 0.04046639 0.009602195
0.03463649 0.366941 0.6310014 0.1776406 0.1045953 0.06824417 0.2355967 0.1965021 0.01577503 0.03326475 0.02366255 0.02537723 0.1601509 0.1388889 0.0006858711 0 0.005144033 0 0 0.00308642 0.005486968 0.005486968 0 0.001714678 0.02263374 0.004458162 0.01337449 0.3010974 0.2609739 0.05452675 0.04492455 0.07510288 0.001714678 0.03909465 0.180727 0.3010974 0.07750343 0.00994513 0.1203704 0.266118 0.002400549 0.05075446 0.5240055 0.2856653 0.2314815 0.2901235 0.3487654 0.5068587 0.2218793 0.04869685 0.2565158 0.003772291 0.1042524 0.1423182 0.2455418 0.2506859 0.2359396 0.1766118 0.04355281 0.1021948 0.1080247 0.2290809 0.0792181 0.03429355 0.02743484
0.1004801 0.5188615 0.579904 0.2784637 0.1745542 0.1244856 0.1632373 0.06927298 0.1227709 0.1742112 0.1820988 0.1049383 0.08436214 0.02812071 0.001714678 0 0 0.07578875 0.03943758 0.01028807 0.002057613 0 0 0.0003429355 0.01165981 0.001371742 0.003772291 0.02880658 0.04458162 0.1248285 0.3014403 0.1498628 0.05624143 0.0414952 0.00617284 0.004115226 0.001028807 0.01577503 0.003772291 0.09259259 0.005829904 0.1234568 0.3621399 0.201989 0.07441701 0.002057613 0.2572016 0.1961591 0.2575446 0.005144033 0.430727 0.002057613 0.03806584 0.1556927 0.122428 0.2249657 0.5764746 0.02572016 0.01406036 0.0984225 0.01508916 0.05898491 0.1303155 0.07887517 0.04663923
0.02914952 0.1423182 0.1097394 0.2860082 0.2249657 0.2740055 0.1776406 0.07475995 0.2208505 0.03772291 0.06790123 0.06344307 0.001028807 0 0.00617284 0.005144033 0.2242798 0.2061042 0 0 0.001371742 0.0006858711 0.001371742 0.0792181 0.007544582 0 0 0 0.002400549 0.005144033 0.01268861 0.005144033 0.001714678 0.04080933 0.02914952 0.0003429355 0.02674897 0.004801097 0.02434842 0.1241427 0.02366255 0.08607682 0.409808 0.08504801 0.148834 0.1670096 0.3827161 0.3827161 0.2136488 0.004115226 0.02572016 0.03292181 0.06995885 0.005486968 0.01474623 0.04869685 0.1227709 0 0.02194787 0.002057613 0.04458162 0.1464335 0.04046639 0.01851852 0.001371742
0.07544582 0.1820988 0.01200274 0.02091907 0.3624828 0.2548011 0.4444444 0.04526749 0.09876543 0.00617284 0.05041152 0.03395062 0 0 0 0.0006858711 0.06138546 0 0 0 0.002400549 0 0.001714678 0 0.001714678 0.005829904 0.001028807 0 0.002057613 0.008916324 0 0 0 0.01989026 0.01783265 0.009259259 0.007201646 0.0006858711 0.001371742 0.01817558 0.00617284 0.2469136 0.4046639 0.06069959 0.003429355 0.1982167 0.07681756 0.2475995 0.2801783 0.07544582 0.01131687 0.01954732 0.3048697 0.223251 0.005829904 0.0006858711 0.01920439 0.06207133 0.08058985 0.001371742 0.001028807 0.02640603 0.2225652 0.01989026 0
0.06995885 0.3902606 0.1141975 0.07304527 0.2911523 0.303155 0.1567215 0.04835391 0.08161866 0.01028807 0.01611797 0 0 0.001371742 0.009259259 0.06618655 0.01748971 0 0 0.005144033 0.002400549 0 0.001371742 0.0003429355 0 0.02709191 0.01920439 0 0.001714678 0 0 0 0 0 0.001028807 0.005144033 0.01508916 0.01989026 0 0 0.08916324 0.1738683 0.3429355 0.01577503 0.02572016 0.02400549 0.3840878 0.5120028 0.1361454 0.05178326 0.02229081 0.02434842 0.03326475 0.04046639 0.007887517 0.03772291 0.02263374 0.1546639 0.01577503 0.03120713 0 0.05864197 0.05864197 0.03052126 0.031893
0.04320988 0.7143347 0.3786008 0.4766804 0.5209191 0.2702332 0.0569273 0.2678326 0.01714678 0 0.001714678 0 0 0 0.01234568 0.002400549 0.01851852 0 0.006515775 0.09636489 0 0 0 0 0 0.001028807 0.002057613 0.008916324 0 0 0.001028807 0 0 0.00308642 0 0.0006858711 0.02331962 0.01337449 0 0.007887517 0.07167353 0.5606996 0.2746913 0.006515775 0.06344307 0.010631 0.1049383 0.1738683 0.02297668 0.04320988 0.05075446 0.005829904 0.06584362 0 0.01680384 0.08950617 0.07647462 0.1865569 0.006515775 0.02263374 0.008916324 0.03840878 0.05384088 0.05144033 0.07544582
0 0.04663923 0.07544582 0.3731138 0.648834 0.4272977 0.1824417 0.2006173 0.1992455 0.01954732 0 0 0.001371742 0.021262 0.001714678 0.005486968 0.0003429355 0 0 0 0 0.01337449 0.001714678 0 0.002057613 0 0.002400549 0.0006858711 0 0 0 0 0.0003429355 0.01165981 0.0006858711 0 0.09567901 0 0 0 0.1670096 0.2119341 0.001371742 0.002743484 0.03223594 0 0.1358025 0 0.07853223 0.09910837 0.02880658 0.02880658 0.02229081 0.005144033 0.004115226 0.07510288 0.1207133 0.0308642 0.1457476 0.2417696 0.2832648 0.1814129 0.1231139 0.1824417 0.4571331
0 0.0723594 0.08093278 0.6015089 0.4801098 0.3806584 0.2578875 0.4550754 0.4585048 0.2784637 0.0984225 0.06310014 0.1772977 0.02194787 0.02297668 0 0 0 0 0 0.005486968 0 0.0003429355 0 0 0 0 0 0 0 0 0 0 0.02777778 0 0.0006858711 0 0 0 0.001714678 0.03737997 0.1707819 0 0.0003429355 0.02263374 0 0.0521262 0 0 0.01028807 0 0.009259259 0.0006858711 0.021262 0.04903978 0.003772291 0.021262 0.101166 0.2064472 0.1618656 0.002057613 0.01268861 0.01714678 0 0.00617284
0 0.133059 0.2685185 0.4746228 0.1532922 0.2548011 0.2194787 0.4005487 0.3758574 0.2105624 0.2592593 0.148834 0.02263374 0 0 0 0.004115226 0.05624143 0.03052126 0.01303155 0 0.001371742 0 0 0.0006858711 0 0.001714678 0 0 0 0 0 0 0.004115226 0.003772291 0.04526749 0 0 0.02503429 0.04012346 0.08916324 0.3161865 0.1128258 0.2157065 0.07853223 0 0.09122085 0.01268861 0.04218107 0.09327846 0.03737997 0.00617284 0.0006858711 0.00617284 0.01783265 0.08093278 0.09224965 0.3024691 0.005144033 0.1484911 0.008230452 0.01508916 0.04012346 0.005486968 0.00994513
0 0.06584362 0.4266118 0.1817558 0.01886145 0.02263374 0.1989026 0.06035665 0.05658436 0.4622771 0.3895748 0.2959534 0.1155693 0.003772291 0.021262 0.1879287 0.1944444 0.04458162 0 0 0 0 0 0 0.01234568 0 0 0 0 0 0.021262 0 0 0.04320988 0.03806584 0.1865569 0.03978052 0.08058985 0.265775 0.148834 0.07030179 0.02572016 0 0.03120713 0.06104252 0 0.002743484 0.03635117 0.001714678 0.05349794 0 0.007887517 0.01886145 0.2177641 0.3576818 0.276406 0.1831276 0.1320302 0.02983539 0.03360768 0.05315501 0.0356653 0.05624143 0.1426612 0.0994513
0 0.09156378 0.4163237 0.4132373 0.1515775 0.2932099 0.2486283 0.03155007 0.07098766 0.2853224 0.0792181 0.02983539 0.1659808 0.2534294 0.3408779 0.6580933 0.05658436 0.0006858711 0 0 0.001714678 0 0.002057613 0 0 0 0.001371742 0 0 0 0.001371742 0.001714678 0 0.06344307 0.07716049 0.335048 0.1189986 0.1766118 0.02709191 0.006515775 0 0.002743484 0.004458162 0.0003429355 0.0006858711 0.03395062 0.02743484 0.0366941 0.07544582 0.07441701 0.01371742 0.003772291 0.3665981 0.4927984 0.02331962 0.08436214 0.1351166 0.1481481 0.1203704 0.1464335 0.06687243 0.03052126 0.02777778 0.14369 0.1255144
0 0.1560357 0.5946502 0.2112483 0.2513717 0.1484911 0.1179698 0.08264747 0.1817558 0.1961591 0.1135117 0.06790123 0.03360768 0.0308642 0.001371742 0.239369 0.4526749 0.00308642 0.001028807 0 0 0 0 0 0 0 0.002057613 0 0 0 0.002400549 0.001714678 0 0.004115226 0.08847737 0.008573388 0.0003429355 0.0685871 0.0003429355 0.004801097 0.002743484 0.009602195 0.1502058 0.00308642 0.01748971 0.02674897 0.0414952 0 0.02983539 0.0579561 0.1934156 0.4368999 0.3275034 0.07133059 0.1721536 0.1447188 0.1361454 0.1310014 0.02091907 0.1337449 0.07030179 0.1104252 0.02537723 0.2911523 0.08093278
0 0.2421125 0.2349108 0.0308642 0.07681756 0.1049383 0.09087791 0.02709191 0.1622085 0.06893004 0.007201646 0.01303155 0.02091907 0.04629629 0.08641975 0.01234568 0.08984911 0.3377915 0.09499314 0.04252401 0 0 0 0 0 0.001371742 0.02160494 0 0 0 0.01268861 0 0 0.07716049 0.2887517 0.441701 0.3851166 0.2990398 0.3624828 0.3329904 0.3737997 0.5171468 0.3844307 0.7698902 0.5466392 0.4513032 0.297668 0.4729081 0.5541838 0.3271605 0.1467764 0.08744856 0.149177 0.170096 0.2781207 0.1865569 0.1526063 0.05315501 0.1687243 0.2321673 0.2890947 0.2352538 0.3360768 0.4903978 0.1910151
0 0.07201646 0.05761317 0 0 0.01234568 0 0.02160494 0.08744856 0.04012346 0.01131687 0.05418381 0.004458162 0.0723594 0.1460905 0.132716 0.1032236 0.1200274 0.2201646 0.1196845 0.07613169 0 0 0 0 0 0.001371742 0 0 0.03120713 0.1628944 0.1481481 0.002057613 0.005829904 0.01783265 0.2414266 0.2880659 0.2194787 0.1502058 0.2421125 0.409808 0.2596022 0.207476 0.5781893 0.1179698 0.1299726 0.4485597 0.2112483 0.0356653 0.04355281 0.09224965 0.2592593 0.3158436 0.2530864 0.1183128 0.1731824 0.3703704 0.3947188 0.3593964 0.1989026 0.06104252 0.1241427 0.006515775 0.138203 0.3439643
0 0.002057613 0 0 0 0 0 0.001371742 0 0.03052126 0 0 0.002057613 0.01851852 0.3655693 0.1399177 0.1666667 0.03772291 0 0.002743484 0.08950617 0 0.01508916 0.008230452 0.02537723 0 0.02057613 0 0.07681756 0.116941 0.0006858711 0.003772291 0 0 0 0 0 0 0 0.004115226 0.03875171 0.07681756 0.2009602 0.2359396 0.2208505 0.1687243 0.1553498 0.1320302 0.1841564 0.3854595 0.3172154 0.3858025 0.2812071 0.2026749 0.1786694 0.1186557 0.03772291 0.1772977 0.01406036 0.03360768 0.01303155 0.09087791 0.1697531 0.170439 0.02263374
0 0 0.001028807 0.004115226 0 0.007887517 0.006515775 0.01303155 0.0006858711 0.001371742 0.005486968 0 0 0.04801098 0.021262 0.07750343 0.2486283 0.06378601 0 0.003772291 0.009259259 0.003772291 0.0006858711 0.006515775 0.02194787 0 0.0003429355 0.03326475 0.03017833 0.003429355 0 0 0 0.0003429355 0.002400549 0.001714678 0 0 0.006515775 0.31893 0.1227709 0.1484911 0.07510288 0.1975309 0.1310014 0.4612483 0.1868999 0.3624828 0.5408093 0.276406 0.132716 0.09122085 0.0781893 0.1927298 0.09190672 0.01200274 0.005486968 0.03360768 0.01851852 0.07887517 0.05418381 0.03840878 0.2215364 0.06241427 0.1183128
0.009602195 0 0 0.005829904 0 0 0 0 0 0 0.002400549 0.005144033 0 0.01989026 0.0829904 0.01989026 0.06721536 0.01097394 0.008230452 0 0 0.02880658 0.08607682 0.1978738 0.1183128 0.04492455 0.06069959 0.1827846 0 0 0 0 0.006515775 0.04458162 0.116941 0.164952 0.266118 0.1663237 0.4228395 0.3535665 0.1457476 0.1656379 0.2781207 0.3741426 0.3134431 0.276749 0.303155 0.1762689 0.006858711 0.004458162 0.1388889 0.009259259 0.0202332 0.08984911 0.0733882 0.002743484 0.02914952 0.09602195 0.1478052 0.1056241 0.1433471 0.1316872 0.2321673 0.1906722 0.1076818
