data/kankakee.asc
ncols         57
nrows         73
xllcorner     454405.65475255
yllcorner     4508449.9049974
cellsize      1590
NODATA_value  -9999
[rows 36 to 71 of 73, columns 0 to 56 of 57]
0 0.1515065 0.1879931 0.2105801 0.1466416 0.002432444 0.04204652 0 0.01250971 0.1323944 0.06254855 0 0 0 0 0.003474919 0.004864887 0.002084952 0.0170271 0.2084952 0.006602347 0.0003474919 0.02745186 0 0.01494215 0.1883406 0.170966 0.01146723 0.1205797 0.3075304 0 0.03335923 0.003127428 0.005212379 0.0170271 0.02362945 0.3012755 0.09973019 0.03335923 0.1494215 0.1542864 0.2390745 0.3634766 0.3412371 0.2561015 0.3575692 0.235947 0.3843261 0.1827808 0.07366829 0.5292302 0.4138629 0.4201178 0.1351744 0.07679572 0.3474919 0.2112751
0 0.2456768 0.02884183 0.04378399 0.002084952 0.03544418 0.04239402 0 0 0.001042476 0 0.005559871 0 0 0.007644823 0.01841707 0.03162177 0.01980704 0.01077225 0.0006949839 0.005907363 0.03370672 0.05837865 0.0128572 0.02814685 0.10946 0.2856384 0.1852132 0.07401578 0.08131311 0.02501942 0.04586894 0.003822411 0.001389968 0.01876456 0.04725891 0.238727 0.07471076 0.3068354 0.1369118 0.1042476 0.1782634 0.2064102 0.238727 0.3176076 0.3530518 0.1921631 0.2293447 0.0948653 0.08583051 0.2060627 0.3436695 0.2630514 0.0562937 0.05142881 0.06845591 0.05247128
0 0 0.007297331 0 0.09347533 0.006602347 0 0.04169903 0 0.1372593 0.01841707 0.001042476 0.009382282 0.02745186 0.02953682 0.0003474919 0.0820081 0.171661 0.03822411 0.04586894 0.1000777 0.02814685 0.01355219 0.260619 0.07471076 0 0.1883406 0.009729775 0.1594988 0.04830138 0.04552145 0.0604636 0.1101549 0.09973019 0.09139038 0.05420874 0.1351744 0.09347533 0.2411594 0.1733985 0.06324353 0.1907731 0.1855607 0.1056376 0.2967581 0.3106578 0.1890356 0.1859082 0.1466416 0.03579167 0.1125874 0.365214 0.2415069 0.04030906 0.1303095 0.03231675 0.02050203
0 0 0.001389968 0.004517395 0 0.00173746 0.03787662 0.03266424 0.05664119 0.05698868 0.001042476 0 0 0.002432444 0.004517395 0.06810842 0.1487266 0.08444054 0.1330894 0.1271821 0.04204652 0.0215445 0.03092678 0.1674911 0.0389191 0 0.2064102 0.1122399 0.2845959 0.1862557 0.03544418 0.2036303 0.08131311 0.04899636 0.3388046 0.1862557 0.06324353 0.3332448 0.2839009 0.1118924 0.2501942 0.2984956 0.3436695 0.3791137 0.1570664 0.10946 0.1337844 0.1654062 0.0906954 0.09208536 0.2164875 0.43089 0.2668738 0.1160623 0.2376845 0.1535914 0.1515065
0 0 0.04864887 0.1233596 0 0.008687299 0.04864887 0.006254855 0.02258698 0 0.006949839 0.002779935 0.04482646 0.003474919 0.09382282 0.1560239 0.1449041 0.1581088 0.0302318 0.129267 0.06741343 0.06567597 0.0559462 0.10807 0.03092678 0.002779935 0.1018151 0.2203099 0.1226647 0.04100405 0.08409305 0.04482646 0.1598463 0.1643637 0.3638241 0.1574139 0.1438617 0.1539389 0.10807 0.1654062 0.1268346 0.09660276 0.346797 0.2908508 0.02258698 0.07610074 0.09173787 0.2123176 0.07540575 0.152549 0.09173787 0.1330894 0.1699236 0.2258698 0.3478394 0.3078779 0.1754834
0 0 0.004864887 0.06984588 0.1466416 0.06845591 0.086178 0.03926659 0.01077225 0.01911206 0.01494215 0.03057929 0.1362168 0.1410817 0.279731 0.1435142 0.1118924 0.05837865 0.03162177 0.152549 0.1782634 0.2126651 0.3158702 0.5942112 0.1181473 0.1657537 0.1240546 0.1271821 0.07888067 0.1205797 0.4048281 0.6459875 0.4381873 0.2668738 0.2126651 0.1438617 0.1400393 0.09729774 0.1678386 0.07853318 0.02050203 0.1619312 0.2839009 0.1706185 0.07992315 0.08513553 0.149769 0.2338621 0.2137076 0.237337 0.2300397 0.2352521 0.3033605 0.07853318 0.1205797 0.1810433 0.1115449
0 0.0006949839 0.05525122 0.03683415 0.05803115 0.02988431 0.03787662 0.128572 0.170966 0.09347533 0.08756797 0.06428601 0.07575324 0.150464 0.2349046 0.1372593 0.2404644 0.04586894 0.3322023 0.3068354 0.235947 0.1240546 0.281121 0.214055 0.2345571 0.1601938 0.06741343 0.1389968 0.4778014 0.3999632 0.6209681 0.6831692 0.4607743 0.194943 0.2724337 0.09000041 0.08513553 0.1021626 0.1476841 0.1011202 0.2331671 0.1553289 0.2894608 0.1070275 0.2706962 0.1153673 0.1424717 0.1918156 0.4871837 0.6376477 0.3120477 0.2244798 0.1070275 0.05664119 0.04169903 0.07957566 0.0562937
0 0.02501942 0.03648666 0.2488042 0.03231675 0.06498099 0.2769511 0.1407342 0 0.1108499 0.09000041 0.2640939 0.4051756 0.2317771 0.1462941 0.2588815 0.3304648 0.4482646 0.3148277 0.1428192 0.03822411 0.09799273 0.02640939 0.2178774 0.3784187 0.1622787 0.3005805 0.5174155 0.4493071 0.4878787 0.5049058 0.1150198 0.1911206 0.3224725 0.4176853 0.02015453 0.0260619 0.128572 0.02814685 0.03752913 0.02779935 0.3113528 0.1039001 0.1268346 0.1699236 0.05907363 0.08096562 0.5201954 0.5288827 0.7078411 0.387801 0.09173787 0.1643637 0.149769 0.06428601 0.008687299 0.02467193
0 0.02397694 0.09521279 0.3158702 0.1688811 0.152549 0.1959855 0.1417767 0.05976861 0.4069131 0.2262173 0.4559094 0.2859859 0.2404644 0.1310045 0.1160623 0.04621643 0.2095376 0.01424717 0.03961408 0.0170271 0.10668 0.1852132 0.08895794 0.02675688 0.1383018 0.2081477 0.170966 0.1681861 0.1845182 0.3940559 0.3582642 0.2651364 0.4611218 0.1751359 0.1581088 0.03613916 0.1445566 0.09625527 0.004864887 0.0215445 0 0.2091901 0.2171825 0.07262582 0.06845591 0.1914681 0.3631291 0.6452925 0.3662565 0.3255999 0.086178 0.02849434 0.1466416 0.004864887 0.05733617 0.1164098
0 0.08444054 0.2255223 0.2825109 0.07088836 0.2314296 0.2988431 0.2390745 0.4562569 0.4566044 0.214055 0.09625527 0.07366829 0.1195372 0.1379543 0.008339806 0.003127428 0.04343649 0.02884183 0.0215445 0.02328196 0.03474919 0.2505417 0.1108499 0.08166061 0.1681861 0.2567965 0.281121 0.2672213 0.05073382 0.001042476 0.1129349 0.1612363 0.2640939 0.3252524 0.2182249 0.127877 0.1393443 0.06845591 0.01911206 0.01494215 0.003474919 0.002779935 0.107375 0.2449818 0.06880341 0.1007727 0.5181105 0.8683824 0.6859491 0.7161809 0.1136299 0.01389968 0.01633212 0.09139038 0.1713135 0.1171048
0 0.03752913 0.06741343 0.09173787 0.5076857 0.3589592 0.3280324 0.3707739 0.2435918 0.08478803 0.1480316 0.04586894 0.04239402 0.1341319 0.01494215 0.01250971 0.006602347 0.0260619 0.03648666 0.10946 0.1164098 0.07401578 0.0993827 0.04691141 0.2515842 0.1647112 0.4079555 0.1011202 0.2658313 0.09208536 0.0003474919 0 0.04239402 0.06706595 0.1619312 0.2679163 0.1025101 0.1567189 0.3259474 0.1699236 0.04864887 0.01876456 0.03474919 0 0.02084952 0.3162177 0.1240546 0.2130126 0.5664119 0.2258698 0.3940559 0.2446343 0.01077225 0.002779935 0.1226647 0.08756797 0.1056376
0 0.0948653 0.3513144 0.1410817 0.1004252 0.08548301 0.2543641 0.3026655 0.003822411 0.05247128 0.08722048 0.04517395 0.002432444 0.08826295 0.09799273 0.01320469 0.04482646 0.09660276 0.2116226 0.08339807 0.1205797 0.1685336 0.2060627 0.2508892 0.006602347 0.1494215 0.3381097 0.0778382 0.1108499 0.1480316 0.01424717 0.02675688 0.007644823 0.04482646 0.07227832 0.03509669 0.03196926 0.1021626 0.2001554 0.1181473 0.09347533 0.09104289 0.06602347 0.004169903 0 0.1810433 0.236642 0.1063325 0.03857161 0.1247496 0.1025101 0.09521279 0.02084952 0 0.235947 0.2220474 0.02953682
0 0.005907363 0.00173746 0.003127428 0.1838232 0 0.1167573 0.365909 0.3527043 0.009382282 0.259229 0.3825886 0.003127428 0 0.02779935 0.192858 0.02362945 0.0778382 0.129962 0.02884183 0.1459466 0.04517395 0.04204652 0.08583051 0.1355219 0.08061813 0.05455624 0.005212379 0.2185724 0.1369118 0.01633212 0.1379543 0.1372593 0.08235559 0.01633212 0.06254855 0.03162177 0.1414292 0.1876456 0.1852132 0.07401578 0.07540575 0.08895794 0.1139774 0.5059482 0.1341319 0.04274151 0.108765 0.04656392 0.001042476 0.1970279 0.1362168 0.005559871 0.1205797 0.1803483 0.02710437 0.003127428
0 0 0 0 0.009729775 0.0476064 0.02814685 0.05351376 0.1594988 0.01841707 0.01633212 0 0.0003474919 0 0 0.1421242 0.1973754 0.1396918 0.04795389 0.2130126 0.1167573 0.150464 0.1487266 0.1150198 0.08131311 0.1247496 0 0 0.1261396 0.09278035 0.007644823 0.05108131 0.2133601 0.01494215 0.08061813 0.03961408 0.002432444 0.04830138 0.02779935 0.05316627 0.1351744 0.08722048 0.02084952 0.1125874 0.1271821 0.0302318 0.04169903 0.1424717 0.06706595 0.01494215 0.07019337 0.05386125 0.0170271 0.1754834 0.06115858 0.01424717 0.1480316
0 0.07401578 0.03301173 0.02050203 0.02467193 0.01563714 0.03092678 0.03057929 0.09173787 0.05698868 0.193553 0.05803115 0.01007727 0 0.002779935 0.06984588 0.09834022 0.1904256 0.1233596 0.1414292 0.04969135 0.1476841 0.2526266 0.06706595 0.01772209 0.00903479 0 0 0 0 0.0257144 0.03683415 0.02710437 0.1674911 0.01806958 0.005212379 0.001042476 0.0170271 0.1407342 0.149769 0.1782634 0.01250971 0.08965292 0.1157148 0.03857161 0.05872614 0.05386125 0.03509669 0.03648666 0.0170271 0.1421242 0.1591513 0.05351376 0.07714321 0.03474919 0.07193083 0.01389968
0 0.1727035 0.475369 0.2084952 0.01007727 0.02745186 0.03683415 0.1535914 0.03335923 0 0.03787662 0.06324353 0.03092678 0 0.02015453 0.06880341 0.09000041 0.0260619 0.05733617 0.1007727 0.05351376 0.01250971 0.05490373 0.07888067 0.02501942 0.06602347 0 0 0 0 0.002084952 0.05455624 0.1056376 0.06254855 0.002432444 0 0.02501942 0.01494215 0.2119701 0.01945955 0.1626262 0.06324353 0.1845182 0.086178 0.08791546 0.08930543 0.04482646 0.03231675 0.03301173 0.09973019 0.1330894 0.1758309 0.0604636 0.0601161 0 0.003127428 0.02779935
0 0.5504273 0.5205429 0.1344794 0.0006949839 0.05038633 0.007992315 0.01216222 0.01667961 0.003474919 0.03370672 0.2112751 0.4044806 0.0003474919 0.02258698 0.1584563 0.0604636 0.09764524 0.0173746 0.07853318 0.1244021 0.1129349 0.03301173 0.06428601 0.02675688 0.02710437 0.001389968 0.0559462 0.03961408 0 0 0 0.001389968 0 0 0 0.0260619 0.1240546 0.3075304 0.02467193 0.07123585 0.0302318 0.1014676 0.08861045 0.1282245 0.1959855 0.06081109 0.02258698 0.01563714 0.01876456 0.2029353 0.2091901 0.06081109 0.001389968 0.002084952 0.007992315 0.04135154
0 0.3728589 0.4437472 0.712706 0.1688811 0.00903479 0 0.004517395 0.007992315 0.1261396 0.32282 0.215445 0.1150198 0.1588038 0.0906954 0.2331671 0.1118924 0.08930543 0 0 0.07888067 0.1226647 0.105985 0.0257144 0.006254855 0.005212379 0 0.01528965 0.06324353 0.04482646 0.0173746 0 0 0 0 0.009729775 0.008339806 0.2032828 0.08444054 0.08965292 0.02258698 0.007992315 0.03683415 0.01911206 0.1164098 0.1198847 0.06845591 0.05142881 0.1153673 0.1310045 0.07401578 0.06324353 0 0.02084952 0.05768366 0.01250971 0.05038633
0 0.4451372 0.06949839 0.6578022 0.1692286 0.07088836 0.06185357 0.105985 0.1205797 0.006949839 0.2891133 0.2856384 0.03474919 0.03787662 0.07366829 0.1483791 0.086178 0.0173746 0 0 0.002084952 0.1449041 0.04100405 0.005559871 0.02467193 0.01181473 0.01563714 0.02988431 0.003127428 0.006949839 0.01424717 0 0 0 0 0 0.005559871 0.002432444 0.1025101 0.01042476 0.008687299 0.06776093 0.01945955 0.08652549 0.0604636 0.04100405 0.06150607 0.1852132 0.07227832 0.01077225 0 0.005212379 0 0.0260619 0.1289195 0.05316627 0.06428601
0 0.2738236 0.4260251 0.6011611 0.07123585 0.1445566 0 0.04378399 0.1452516 0.09521279 0.2401169 0.005559871 0.005907363 0.1966804 0.07366829 0.06880341 0.02953682 0.005559871 0.003127428 0.003127428 0.01598463 0.004169903 0.07227832 0 0 0.06567597 0 0.04517395 0.02189199 0.006254855 0 0 0 0 0 0.0006949839 0.003474919 0 0.1650587 0.0990352 0.04656392 0.02884183 0.09764524 0.172356 0.1202322 0.1244021 0.1588038 0.10668 0.07436328 0 0 0.009729775 0.06532849 0.05455624 0.05386125 0.1334369 0.05768366
0 0.6147133 0.6637096 0.2828584 0.1501165 0.2376845 0.05455624 0.03301173 0.06254855 0.03996157 0 0.003822411 0 0.06498099 0.1650587 0.149769 0.01424717 0 0 0 0 0 0.03405421 0.009729775 0.02189199 0.02675688 0.03370672 0 0 0 0 0 0 0 0 0 0 0 0.01876456 0.04691141 0.04795389 0.02501942 0.07297331 0.09139038 0.1052901 0.1303095 0.06532849 0.008339806 0.08166061 0.03961408 0 0.008687299 0.002084952 0.04169903 0.1904256 0.2543641 0.2133601
0 0.3266424 0.2693062 0.04552145 0.02223948 0.003822411 0 0 0.03474919 0 0.02710437 0 0 0 0.02293447 0.2898083 0.08444054 0 0.006602347 0.01007727 0.00173746 0 0.0215445 0.005212379 0.004517395 0.008339806 0 0.02988431 0.04691141 0.03162177 0 0.00173746 0.005559871 0 0 0 0 0.003822411 0.00173746 0.0646335 0.0170271 0.08096562 0.03752913 0.1164098 0.1424717 0.1452516 0.02988431 0.08513553 0.1035526 0.086178 0 0 0.01806958 0.1473366 0 0.1351744 0.006949839
0 0.03092678 0 0.005559871 0 0 0.005559871 0.00173746 0 0.01111974 0 0.003822411 0 0 0.001389968 0.2786885 0.09312784 0.06741343 0.1334369 0.1139774 0.001042476 0.04169903 0.04030906 0 0.004517395 0.002084952 0.01841707 0.03231675 0.03579167 0.05420874 0.004864887 0.006949839 0.07366829 0 0 0 0 0.02258698 0.0302318 0.108765 0.2064102 0.1129349 0.03335923 0.08305057 0.2039778 0.03613916 0.01980704 0.02675688 0.02293447 0.08756797 0.05559871 0.01667961 0.1629737 0.2074527 0.007644823 0.004517395 0.04100405
0 0.00173746 0 0.02119701 0 0 0 0 0 0.03857161 0.003127428 0 0 0.006949839 0.02849434 0.02258698 0.06289604 0.0003474919 0.04934385 0.09799273 0.02432444 0.008339806 0 0.001042476 0.03405421 0.0006949839 0 0.02362945 0.02432444 0.01250971 0 0.1897306 0.008339806 0.03752913 0.04447897 0.01667961 0.01181473 0 0.03926659 0.005907363 0.1316994 0.0993827 0.1469891 0.259229 0.2644414 0.1827808 0.1108499 0.04621643 0.04795389 0.1494215 0.04691141 0.1077225 0.09799273 0.007992315 0.00903479 0.02953682 0.0302318
0 0 0 0.006602347 0.00173746 0 0.002432444 0.006254855 0 0 0 0 0 0.005907363 0.01841707 0.09625527 0.1282245 0.1699236 0.1789584 0.03857161 0.1035526 0.08270308 0.04343649 0.09868771 0.08861045 0.0646335 0.07505826 0.09695026 0.04864887 0 0 0 0 0 0 0 0 0 0 0 0 0 0 0 0 0 0 0 0 0 0 0 0 0 0 0 0
0 0.0006949839 0 0.09834022 0.07505826 0.01146723 0.01181473 0 0.004517395 0.002779935 0 0 0 0.004169903 0.2109276 0.09034791 0.05733617 0.03231675 0.1028576 0.06289604 0.01633212 0.0128572 0.09000041 0.09973019 0.1011202 0.006949839 0.195638 0.1671436 0.06532849 0 0 0 0 0 0 0 0 0 0 0 0 0 0 0 0 0 0 0 0 0 0 0 0 0 0 0 0
0 0 0 0.06845591 0.02467193 0.01980704 0 0 0.0006949839 0.001389968 0 0.1098075 0.0646335 0.05559871 0.002779935 0 0 0.007992315 0.09590778 0 0.07088836 0.2005029 0.1296145 0.1765259 0.1177998 0.04204652 0.3495769 0.1358694 0.08861045 0 0 0 0 0 0 0 0 0 0 0 0 0 0 0 0 0 0 0 0 0 0 0 0 0 0 0 0
0 0.005212379 0 0.002084952 0 0 0 0 0 0.06532849 0.086178 0.0476064 0.004864887 0.0173746 0.02536691 0 0.002084952 0.05872614 0.04100405 0 0.07227832 0.1393443 0.0562937 0.08478803 0.2369895 0.2283022 0.171661 0.300928 0.09034791 0 0 0 0 0 0 0 0 0 0 0 0 0 0 0 0 0 0 0 0 0 0 0 0 0 0 0 0
0 0 0.04691141 0.002084952 0.0003474919 0 0 0.003474919 0.03301173 0.1883406 0.008339806 0.0003474919 0 0 0.0215445 0 0 0.004169903 0.03683415 0.04378399 0.0646335 0.07644822 0.05733617 0.1216222 0.1247496 0.1765259 0.2283022 0.01806958 0.01007727 0 0 0 0 0 0 0 0 0 0 0 0 0 0 0 0 0 0 0 0 0 0 0 0 0 0 0 0
0 0.0646335 0.08722048 0 0.02328196 0.06220106 0.2713912 0.07888067 0.1143249 0.09312784 0.02015453 0.01007727 0 0 0 0 0 0.01146723 0.06567597 0.06810842 0.1820858 0.00903479 0.03092678 0 0 0 0 0 0 0 0 0 0 0 0 0 0 0 0 0 0 0 0 0 0 0 0 0 0 0 0 0 0 0 0 0 0
0 0.151854 0.1153673 0.1612363 0.1257921 0.1091125 0.04239402 0 0 0.03370672 0.008339806 0.005559871 0 0 0 0 0.002084952 0.002084952 0 0.009382282 0.005559871 0.01250971 0.1542864 0 0 0 0 0 0 0 0 0 0 0 0 0 0 0 0 0 0 0 0 0 0 0 0 0 0 0 0 0 0 0 0 0 0
0 0.2279547 0.0604636 0.04274151 0.01146723 0 0.002432444 0 0 0 0.02084952 0 0 0 0 0 0 0 0 0.09000041 0.02884183 0.09868771 0.2505417 0 0 0 0 0 0 0 0 0 0 0 0 0 0 0 0 0 0 0 0 0 0 0 0 0 0 0 0 0 0 0 0 0 0
0 0.002084952 0 0 0 0 0 0 0 0 0.009382282 0 0 0 0 0 0.003474919 0 0 0.0778382 0 0.005907363 0 0 0 0 0 0 0 0 0 0 0 0 0 0 0 0 0 0 0 0 0 0 0 0 0 0 0 0 0 0 0 0 0 0 0
0 0 0 0 0.001389968 0 0 0 0 0 0 0 0 0.007644823 0 0 0 0 0 0.1212747 0.1007727 0 0 0 0 0 0 0 0 0 0 0 0 0 0 0 0 0 0 0 0 0 0 0 0 0 0 0 0 0 0 0 0 0 0 0 0
0 0 0 0 0.002084952 0 0 0 0.004517395 0 0 0 0 0.007992315 0.01355219 0 0 0 0 0 0.02328196 0.02015453 0 0 0 0 0 0 0 0 0 0 0 0 0 0 0 0 0 0 0 0 0 0 0 0 0 0 0 0 0 0 0 0 0 0 0
0 0.003474919 0 0 0 0 0 0 0 0 0.002779935 0 0 0.001042476 0 0 0 0 0 0 0.005212379 0 0 0 0 0 0 0 0 0 0 0 0 0 0 0 0 0 0 0 0 0 0 0 0 0 0 0 0 0 0 0 0 0 0 0 0
