data/lagrange.asc
ncols         26
nrows         18
xllcorner     610225.65475255
yllcorner     4597489.9049974
cellsize      1590
NODATA_value  -9999
0 0 0 0 0 0 0 0 0 0 0 0 0 0 0 0 0 0 0 0 0 0 0 0 0 0 
0 0.0128572 0.005559871 0.0006949839 0.007992315 0 0.02988431 0.01389968 0.01945955 0.002779935 0.006949839 0.008339806 0.01007727 0.004169903 0.004864887 0.02293447 0.003474919 0.002779935 0.005907363 0.01633212 0.05003884 0.006602347 0.03544418 0.01494215 0.006602347 0 
0 0.2769511 0.05698868 0.1817383 0.0517763 0.01111974 0.007297331 0.06880341 0.002779935 0 0.008687299 0 0.02189199 0.01111974 0 0.01320469 0.02362945 0 0.02675688 0.05420874 0.1018151 0.05872614 0.08027064 0.0302318 0.03509669 0 
0 0.2432444 0.03648666 0.01980704 0.04795389 0.001042476 0.009729775 0.03752913 0.02362945 0.02189199 0.05490373 0.07888067 0.004864887 0.0003474919 0 0.02328196 0.007992315 0.008687299 0.03196926 0.004517395 0 0.001389968 0.03683415 0.06150607 0.04691141 0 
0 0.02189199 0.09799273 0.06359103 0.05698868 0.003127428 0.01528965 0.01633212 0.006254855 0 0.03057929 0.09417032 0.01077225 0.004864887 0.001389968 0.06671845 0.05316627 0.02084952 0.03301173 0.002432444 0.0215445 0.0604636 0.04030906 0.02432444 0.007992315 0 
0 0.01389968 0.005212379 0.03857161 0.01841707 0.01806958 0.00173746 0.009382282 0.02501942 0.02084952 0.01042476 0.01042476 0.03266424 0.04830138 0.009729775 0.02849434 0.0517763 0.1264871 0.08722048 0.07158334 0.05698868 0.1831283 0.03335923 0.04830138 0.04343649 0 
0 0.002432444 0.0257144 0.004169903 0.03474919 0.0257144 0.0128572 0.007992315 0.01216222 0.04795389 0.008339806 0.002432444 0.005907363 0.004864887 0.05212379 0.02015453 0.1466416 0.07679572 0.03648666 0.08895794 0.09868771 0.06949839 0.1296145 0.07992315 0.04621643 0 
0 0.02953682 0.03683415 0.04065656 0.003127428 0.004517395 0.006254855 0.05490373 0.04934385 0.01876456 0.03996157 0.01806958 0.07366829 0.05698868 0 0.07644822 0.07575324 0.05351376 0.01841707 0.07227832 0.08305057 0.05108131 0.02362945 0.05038633 0.03857161 0 
0 0.04830138 0.06498099 0.005907363 0.005907363 0.0006949839 0.0006949839 0.01424717 0.02432444 0.01945955 0.004169903 0.00903479 0.02779935 0.00903479 0.06220106 0.0128572 0.2084952 0.08270308 0.043089 0.005559871 0.002432444 0.01389968 0 0.007992315 0.01181473 0 
0 0.004864887 0.05768366 0.1039001 0.1282245 0.02501942 0.007992315 0.01007727 0.0006949839 0.002779935 0.005212379 0.007992315 0.02432444 0.01042476 0.03613916 0.03683415 0.06602347 0.01355219 0.008339806 0.02745186 0.009382282 0.02050203 0.04934385 0.0215445 0.06915089 0 
0 0.01459466 0.007644823 0.04899636 0.01772209 0.006254855 0 0.0128572 0.003474919 0.03648666 0.006254855 0.01111974 0.01459466 0.06081109 0.03926659 0.01181473 0.0170271 0.04065656 0.01111974 0.002779935 0.0170271 0.01633212 0.07262582 0.0517763 0.01007727 0 
0 0.03370672 0.03301173 0.01841707 0 0.0006949839 0.004864887 0.0128572 0 0.006254855 0.05281878 0.0003474919 0.03579167 0.02015453 0.0215445 0.06115858 0.0170271 0.002432444 0.05942112 0.03370672 0.03857161 0.004864887 0.1323944 0.04725891 0.04447897 0 
0 0.01077225 0.003127428 0.04274151 0.01250971 0.002084952 0.007297331 0.002432444 0.03057929 0.007297331 0.01389968 0 0.01007727 0.01320469 0.004169903 0.01042476 0.02015453 0.04274151 0.008339806 0.0302318 0.0302318 0.02258698 0.05247128 0.07193083 0.006949839 0 
0 0.08756797 0.006949839 0.04482646 0.08444054 0.001042476 0.003127428 0.01563714 0.03057929 0.004864887 0.008687299 0.02084952 0.08583051 0.01007727 0.0215445 0.00173746 0.01876456 0.02189199 0.02467193 0.007644823 0.004864887 0.01355219 0.0517763 0.043089 0.005559871 0 
0 0.02640939 0 0 0.02432444 0.03857161 0 0.0003474919 0.0170271 0.02432444 0.02258698 0.05003884 0.00903479 0.01007727 0.01772209 0.03196926 0.007644823 0.00903479 0.01806958 0.02710437 0.01424717 0.01459466 0.0517763 0.04621643 0.005559871 0 
0 0.01320469 0.01111974 0 0.005559871 0 0 0 0.01389968 0.02084952 0.03196926 0.08583051 0.01563714 0.01042476 0.02258698 0.01945955 0.01424717 0.03857161 0.007297331 0.0170271 0.01806958 0.05316627 0.06776093 0.1316994 0.06776093 0 
0 0.06081109 0.01320469 0.01389968 0.006254855 0.002084952 0 0.006949839 0.02779935 0.003127428 0.01806958 0.008339806 0.01007727 0.0128572 0.01772209 0.03822411 0.02640939 0.0257144 0.02884183 0.02988431 0.01667961 0.02223948 0.01042476 0.01424717 0.09347533 0 
0 0.03266424 0.003127428 0.02501942 0.01772209 0.00173746 0.002432444 0.002084952 0.007644823 0.0476064 0.05455624 0.01633212 0.002779935 0 0 0 0 0 0 0 0 0 0 0 0 0 
