data/laporte.asc
ncols         24
nrows         38
xllcorner     505285.65475255
yllcorner     4564099.9049974
cellsize      1590
NODATA_value  -9999
0 0 0 0 0 0 0 0 0 0 0 0 0 0 0 0 0 0 0 0 0 0 0 0 
0 0 0 0 0.003474919 0.08513553 0.1733985 0.2467193 0.1633212 0.2088427 0.1028576 0.1508115 0.1977229 0.2199624 0.1647112 0.1831283 0.3349822 0.2561015 0.1893831 0.3356772 0.1522015 0.1921631 0 0 
0 0 0.01772209 0.2293447 0.2216999 0.1817383 0.1925105 0.2477618 0.1125874 0.1918156 0.02467193 0.1035526 0.1184947 0.03613916 0.2588815 0.5306202 0.4930911 0.6174932 0.1674911 0.2915457 0.2974531 0.1476841 0 0 
0 0.004169903 0.05733617 0.1786109 0.303013 0.1789584 0.1775684 0.1601938 0.05247128 0.0774907 0.04517395 0.005907363 0.1688811 0.4423572 0.5076857 0.4711991 0.281121 0.2244798 0.1212747 0.1435142 0.1098075 0.04065656 0 0 
0.1372593 0.00903479 0 0.01667961 0.09208536 0.2522792 0.2783411 0.2182249 0.1848657 0.0389191 0.0733208 0.2032828 0.5083807 0.6293079 0.6508524 0.4037856 0.2602715 0.1754834 0.1052901 0.1584563 0.1233596 0.1438617 0 0 
0.1480316 0.07610074 0.0215445 0.2057152 0.2039778 0.3794612 0.3492294 0.2984956 0.3530518 0.2435918 0.561547 0.2637464 0.7773395 0.7057561 0.04830138 0.1216222 0.408303 0.2182249 0.09521279 0.007297331 0.1105024 0.2651364 0 0 
0.171661 0.05733617 0.1647112 0.172356 0.1925105 0.2352521 0.5135931 0.4861412 0.5737092 0.3099628 0.5518172 0.4249826 0.3280324 0.2783411 0.1327419 0.04413148 0.4475696 0.1337844 0.06984588 0.05837865 0.3457545 0 0 0 
0.02640939 0.1605413 0.07471076 0.237337 0.3294224 0.3269899 0.6088059 0.5049058 0.5035158 0.626528 0.1876456 0.2745186 0.1164098 0.1806958 0.0906954 0.1320469 0.2616614 0.005907363 0.1205797 0.2898083 0.1313519 0 0 0 
0.07922816 0.04552145 0.07088836 0.128572 0.4169903 0.4538245 0.6202731 0.4590369 0.5167205 0.2460243 0.1014676 0.08826295 0.04552145 0.214055 0.1424717 0.1459466 0.3777238 0.1827808 0.0646335 0.3005805 0.2651364 0.3315073 0.1483791 0 
0.1244021 0.08652549 0.07297331 0.2522792 0.3815461 0.5914313 0.624443 0.1244021 0.1316994 0.1275295 0.1560239 0.1855607 0.02293447 0.08548301 0.2036303 0.05559871 0.04274151 0.02397694 0.002084952 0.3071829 0.2171825 0.2432444 0.06741343 0.01146723 
0.1052901 0.1164098 0.2488042 0.2901558 0.5483423 0.5598095 0.4433997 0.2276072 0.3377622 0.2738236 0.1136299 0.04830138 0.03787662 0.07888067 0.0170271 0.04135154 0.128572 0.0559462 0.1706185 0.08861045 0.2050202 0.06810842 0.04656392 0.009382282 
0.1654062 0.2682638 0.2950207 0.5174155 0.3155227 0.6216631 0.1768734 0.0003474919 0.2540166 0.3391521 0.05837865 0.003127428 0.04135154 0.03961408 0.1132824 0.004169903 0.07158334 0.1344794 0.3360247 0.1897306 0.214055 0.1800008 0.1198847 0.0003474919 
0.259229 0.4225502 0.3162177 0.365909 0.3669515 0.1000777 0.1355219 0.06498099 0.1125874 0.06810842 0.0646335 0.02467193 0.07088836 0.003127428 0.02675688 0.001389968 0.01355219 0.01772209 0.05351376 0.150464 0.1396918 0.1195372 0.006254855 0.08895794 
0.2741711 0.4812763 0.4388823 0.1654062 0.1000777 0.0260619 0.01980704 0.01633212 0.0476064 0.04378399 0.03335923 0.02884183 0.001389968 0.06845591 0.01667961 0.03127427 0.02015453 0.01320469 0.06984588 0.08652549 0.1212747 0.03822411 0.003127428 0.001389968 
0.1045951 0.1261396 0.1188422 0.01250971 0.08027064 0.1018151 0.03127427 0.01667961 0.1226647 0.05386125 0.03961408 0.0003474919 0.01945955 0.02015453 0.04864887 0.1313519 0.07922816 0.1813908 0.07505826 0.08687299 0.03579167 0.03787662 0.00903479 0 
0.2210049 0.07436328 0.00173746 0.01146723 0.002084952 0.03857161 0.06359103 0.03405421 0.08478803 0.01980704 0.1369118 0.02953682 0.043089 0.105985 0.003474919 0.02745186 0.0344017 0.1532439 0.1150198 0.05525122 0.108765 0.008687299 0.02710437 0 
0.1181473 0.04691141 0.01772209 0.004517395 0.03857161 0.03162177 0.04204652 0.05803115 0.1313519 0.007644823 0.02745186 0.02779935 0.06150607 0.129962 0.03648666 0.05316627 0.1650587 0.1803483 0.1883406 0.05525122 0.02432444 0.04169903 0.01355219 0 
0.01389968 0.01146723 0 0.01216222 0.09799273 0.2071052 0.195638 0.2394219 0.08409305 0.01042476 0.01355219 0.007297331 0.08652549 0.2321246 0.02779935 0.02119701 0.5056008 0.5212379 0.3356772 0.1052901 0.06949839 0.005559871 0.0173746 0 
0 0.002779935 0.02293447 0.0006949839 0.0517763 0.151159 0.03405421 0.1591513 0.009729775 0.00173746 0.005559871 0.00903479 0.04552145 0.2515842 0.1032051 0.08652549 0.3572217 0.1341319 0.1428192 0.2630514 0.1601938 0.03127427 0 0 
0.01980704 0 0 0.05247128 0.1237071 0.1070275 0.149769 0.1268346 0.09868771 0.006949839 0.005907363 0.03127427 0.01911206 0.2422019 0.3544418 0.4840563 0.2449818 0.06115858 0.0260619 0.09243286 0.01424717 0.07366829 0 0 
0.002084952 0.04482646 0 0.08722048 0.08270308 0.1563714 0.04343649 0.06810842 0.04899636 0.01389968 0.05698868 0.05907363 0.04169903 0.1177998 0.06776093 0.04135154 0.007297331 0.007992315 0.03162177 0.004169903 0.04586894 0.03926659 0 0 
0.01042476 0.06984588 0.00173746 0.05664119 0.005907363 0.03405421 0.1334369 0.05837865 0.04413148 0.1782634 0.07505826 0.08861045 0.0733208 0.002432444 0.0215445 0.06741343 0 0.001389968 0.06532849 0.05907363 0.02536691 0.02710437 0 0 
0.001389968 0.009382282 0 0 0.005559871 0.001389968 0.07401578 0.1244021 0.08305057 0.07262582 0.04378399 0.01459466 0 0.01077225 0 0.00173746 0.0260619 0.003474919 0.0006949839 0.03405421 0.07610074 0.04656392 0 0 
0.07644822 0.01181473 0.0003474919 0 0.06393852 0.1841707 0.1098075 0.06081109 0.04656392 0.00903479 0.0733208 0.01389968 0.004169903 0.02779935 0.004864887 0.004517395 0 0.0173746 0.01007727 0.001042476 0.001389968 0.01007727 0 0 
0.1177998 0 0 0.0128572 0.09764524 0.0774907 0.1421242 0.0302318 0.02884183 0.02814685 0.01806958 0 0 0 0.01459466 0 0 0 0 0 0 0 0 0 
0.02467193 0 0.006949839 0.0257144 0.0344017 0.05038633 0.1181473 0.04274151 0.01667961 0.02675688 0.009729775 0.01216222 0.004517395 0 0 0 0 0 0 0 0 0 0 0 
0.001389968 0.07957566 0.08131311 0.04169903 0.008687299 0.01633212 0.03231675 0.07366829 0.0260619 0.01528965 0.001389968 0.0128572 0 0 0 0 0 0 0 0 0 0 0 0 
0.002432444 0.00173746 0.04830138 0.04447897 0.005907363 0.02432444 0.03301173 0 0 0.0389191 0.06637096 0.03162177 0 0 0 0 0 0 0 0 0 0 0 0 
0.08791546 0.04239402 0.02918932 0.008687299 0.05351376 0.04413148 0.0003474919 0 0.02710437 0.06185357 0.0302318 0 0 0 0 0 0 0 0 0 0 0 0 0 
0.05455624 0.03266424 0.004517395 0.0517763 0.05976861 0 0.002432444 0 0 0.02050203 0.02258698 0 0 0 0 0 0 0 0 0 0 0 0 0 
0.003127428 0.003127428 0.01563714 0.03509669 0.0006949839 0 0 0 0 0.01320469 0.001389968 0 0 0 0 0 0 0 0 0 0 0 0 0 
0 0.03335923 0.007297331 0 0 0 0 0 0 0 0 0 0 0 0 0 0 0 0 0 0 0 0 0 
0 0.004864887 0.003822411 0 0 0.0006949839 0.001042476 0 0 0 0 0 0 0 0 0 0 0 0 0 0 0 0 0 
0 0 0 0.001042476 0 0.01494215 0.043089 0.0003474919 0 0 0 0 0 0 0 0 0 0 0 0 0 0 0 0 
0.009729775 0 0.01007727 0.07123585 0.0215445 0.0906954 0.0906954 0 0 0 0 0 0 0 0 0 0 0 0 0 0 0 0 0 
0 0 0.02501942 0 0 0 0 0 0 0 0 0 0 0 0 0 0 0 0 0 0 0 0 0 
0.003127428 0.005212379 0 0 0 0 0 0 0 0 0 0 0 0 0 0 0 0 0 0 0 0 0 0 
0 0 0 0 0 0 0 0 0 0 0 0 0 0 0 0 0 0 0 0 0 0 0 0 
