data/stjoseph.asc
ncols         26
nrows         24
xllcorner     538675.65475255
yllcorner     4586359.9049974
cellsize      1590
NODATA_value  -9999
0 0 0 0 0 0 0 0 0 0 0 0 0 0 0 0 0 0 0 0 0 0 0 0 0 0 
0 0.237337 0.1640162 0.04030906 0.01355219 0.003127428 0.1303095 0.2435918 0.2199624 0.1699236 0.02293447 0.1226647 0.1945955 0.3214301 0.08861045 0.06532849 0.2067577 0.1150198 0.003474919 0 0.01181473 0.08687299 0.06498099 0.09417032 0.01876456 0 
0 0.173746 0.1824333 0.008687299 0 0 0.02884183 0.1296145 0.1768734 0.001042476 0.009729775 0.0173746 0.1233596 0.1108499 0.07158334 0.08061813 0.01772209 0.08756797 0.001042476 0.008687299 0.03231675 0.1063325 0.01459466 0.05351376 0.07957566 0 
0 0.05942112 0 0 0 0.004169903 0.2123176 0.1998079 0.1574139 0.2335146 0.1205797 0.1108499 0.07818568 0.03683415 0.06081109 0 0.002779935 0 0 0.004169903 0.02258698 0 0.009382282 0.107375 0.06393852 0 
0 0.05664119 0.03127427 0.004169903 0.01111974 0.0173746 0.02675688 0.08235559 0.2755611 0.563632 0.1115449 0.005559871 0.08061813 0 0.04204652 0.0344017 0.02119701 0 0 0.04413148 0.03127427 0.01806958 0.0389191 0.09139038 0.06567597 0 
0 0.2196149 0.06393852 0 0.01494215 0.04274151 0.01633212 0.2057152 0.1410817 0.322125 0.07853318 0.01181473 0 0 0.01563714 0 0.0006949839 0.001042476 0.02710437 0.1782634 0.0948653 0.09173787 0.1198847 0.01424717 0.04065656 0 
0.1925105 0.2206574 0.09556028 0.01007727 0.06984588 0.02258698 0.03544418 0.05038633 0.1570664 0.2032828 0.08895794 0.05837865 0.0215445 0 0 0 0 0.003822411 0 0.003127428 0.0604636 0.01389968 0.0003474919 0.02640939 0.02953682 0 
0.1876456 0.2915457 0.3297698 0.02953682 0.05316627 0.01876456 0.05872614 0.06949839 0.2157925 0.1348269 0.06602347 0.009382282 0.006254855 0 0 0 0.002432444 0 0.0003474919 0.003474919 0.005559871 0.02119701 0.007992315 0.03301173 0.06185357 0 
0 0 0.0604636 0.001389968 0.004864887 0.01320469 0.06915089 0.1313519 0.2415069 0.03301173 0.03822411 0.002779935 0.01806958 0.2766036 0.2752136 0.009382282 0.05525122 0.344017 0.07123585 0.006254855 0.03370672 0.02015453 0.01077225 0.0389191 0.1098075 0 
0 0 0 0 0.01146723 0.006254855 0.1515065 0.08548301 0.04482646 0.0003474919 0.002432444 0.086178 0.4781489 0.4156004 0.1049426 0.02432444 0.0562937 0.06567597 0.08339807 0.1330894 0.06984588 0.07054087 0.04447897 0.04169903 0.0733208 0 
0 0 0 0.02640939 0.002432444 0.008339806 0.07505826 0.08791546 0.0128572 0.08965292 0.09695026 0.4023957 0.5987286 0.0906954 0.04725891 0.007644823 0.01563714 0.0604636 0.02918932 0.1091125 0.04934385 0.0302318 0.05907363 0.0302318 0.1372593 0 
0 0 0 0.02745186 0.05942112 0.01111974 0.04482646 0.09973019 0.2644414 0.09625527 0.05559871 0.2376845 0.5222804 0.2078002 0.06081109 0.03718164 0.0559462 0.1004252 0.07853318 0.1007727 0.01146723 0.02293447 0.01563714 0.0948653 0.009729775 0 
0 0 0 0.08791546 0.03266424 0.04482646 0.1341319 0.280426 0.1487266 0.05386125 0.2422019 0.4854462 0.3791137 0.2752136 0.0601161 0.04517395 0.05073382 0.01355219 0.07366829 0.03857161 0.03613916 0.07957566 0.003822411 0.1105024 0.04969135 0 
0 0 0 0.002084952 0.06359103 0.1462941 0.193553 0.1198847 0.06393852 0.1362168 0.5539021 0.4041331 0.3732063 0.195638 0.1414292 0.07644822 0.1125874 0.1455991 0.02988431 0.01563714 0.05837865 0.04239402 0.08687299 0.08235559 0.04969135 0 
0 0 0.0820081 0.0173746 0.1657537 0.1577613 0.127877 0.259924 0.4246351 0.6459875 0.6564123 0.1827808 0.1111974 0.2050202 0.09590778 0.151854 0.05837865 0.06115858 0.009729775 0.03509669 0.01007727 0.02988431 0.04934385 0.04934385 0.05142881 0 
0 0 0.0948653 0.05733617 0.02328196 0.06671845 0.1751359 0.3551368 0.5069907 0.5233229 0.6974163 0.4006582 0.1918156 0.1330894 0.1153673 0.09764524 0.1435142 0.01633212 0.03162177 0.01494215 0.0948653 0.03752913 0.04274151 0.04691141 0.1052901 0 
0 0 0.08339807 0.1466416 0.1893831 0.1872982 0.06150607 0.1720085 0.2693062 0.3367197 0.3982258 0.4899637 0.3415846 0.09243286 0.0774907 0.0559462 0.1014676 0.03648666 0.02189199 0.006254855 0.01042476 0.04552145 0.1383018 0.07193083 0.01841707 0 
0 0 0.1035526 0.09034791 0.05316627 0.150464 0.1810433 0.08061813 0.0559462 0.1841707 0.2126651 0.2734762 0.4114304 0.1824333 0.09764524 0.05420874 0.03231675 0.03509669 0.0389191 0.01216222 0.02432444 0.02953682 0.006949839 0.03648666 0.02953682 0 
0 0.08548301 0.05281878 0.06671845 0.02223948 0.03092678 0.06637096 0.1838232 0.1678386 0.1174523 0.1212747 0.1438617 0.2039778 0.2522792 0.2213524 0.1327419 0.02362945 0.03335923 0.008687299 0.004517395 0.0476064 0.01077225 0.03718164 0.02467193 0.005212379 0 
0 0.06776093 0.09000041 0.2769511 0.2786885 0.2095376 0.2150975 0.05768366 0.08270308 0.1303095 0.1800008 0.1323944 0.09208536 0.1445566 0.1344794 0.1052901 0.03370672 0.07714321 0.04830138 0.01181473 0.01355219 0.009382282 0.04100405 0.02501942 0.02988431 0 
0 0.03266424 0.06289604 0.3210826 0.2390745 0.08791546 0.09590778 0.06115858 0 0 0 0 0 0 0 0 0 0 0 0 0 0 0 0 0 0 
0 0.005559871 0.05247128 0.2095376 0 0 0 0 0 0 0 0 0 0 0 0 0 0 0 0 0 0 0 0 0 0 
0 0.10668 0.1237071 0.2550591 0 0 0 0 0 0 0 0 0 0 0 0 0 0 0 0 0 0 0 0 0 0 
0 0.2105801 0.3280324 0.3669515 0 0 0 0 0 0 0 0 0 0 0 0 0 0 0 0 0 0 0 0 0 0 
